date,lat,lon,Chlorophyll
2019-10-16,37.04854352647834,-118.21312607724536,1.4890254609306408
2019-10-16,37.04854352647834,-118.21267691960328,1.3911368015414258
2019-10-16,37.04854352647834,-118.21222776196124,1.2327622231508566
2019-10-16,37.04854352647834,-118.21177860431916,1.251124744376278
2019-10-16,37.0489926841204,-118.21402439252948,1.253384912959381
2019-10-16,37.0489926841204,-118.2135752348874,1.5858823529411765
2019-10-16,37.0489926841204,-118.21312607724536,1.4545454545454546
2019-10-16,37.0489926841204,-118.21267691960328,1.47375
2019-10-16,37.0489926841204,-118.21222776196124,1.3986599664991626
2019-10-16,37.0489926841204,-118.21177860431916,1.4512129380053909
2019-10-16,37.04944184176246,-118.2149227078136,0.8145539906103286
2019-10-16,37.04944184176246,-118.21447355017152,0.8073878627968337
2019-10-16,37.04944184176246,-118.21402439252948,1.1397260273972603
2019-10-16,37.04944184176246,-118.2135752348874,1.5646067415730338
2019-10-16,37.04944184176246,-118.21312607724536,1.1205479452054794
2019-10-16,37.04944184176246,-118.21267691960328,0.769041769041769
2019-10-16,37.04944184176246,-118.21222776196124,1.9024390243902438
2019-10-16,37.04944184176246,-118.21177860431916,1.3157894736842106
2019-10-16,37.04944184176246,-118.21132944667713,2.213091922005571
2019-10-16,37.04989099940452,-118.2158210230977,0.6482758620689655
2019-10-16,37.04989099940452,-118.21537186545564,0.6380753138075314
2019-10-16,37.04989099940452,-118.2149227078136,0.697841726618705
2019-10-16,37.04989099940452,-118.21447355017152,0.6730245231607629
2019-10-16,37.04989099940452,-118.21402439252948,0.5339805825242718
2019-10-16,37.04989099940452,-118.2135752348874,0.3509127789046653
2019-10-16,37.04989099940452,-118.21312607724536,0.32796780684104626
2019-10-16,37.04989099940452,-118.21267691960328,0.3498964803312629
2019-10-16,37.04989099940452,-118.21222776196124,0.6398601398601399
2019-10-16,37.04989099940452,-118.21177860431916,1.2892483349191246
2019-10-16,37.04989099940452,-118.21132944667713,2.20959595959596
2019-10-16,37.05034015704658,-118.21671933838182,0.7423728813559322
2019-10-16,37.05034015704658,-118.21627018073976,0.5339285714285714
2019-10-16,37.05034015704658,-118.2158210230977,0.6408317580340265
2019-10-16,37.05034015704658,-118.21537186545564,0.8333333333333334
2019-10-16,37.05034015704658,-118.2149227078136,0.6432160804020101
2019-10-16,37.05034015704658,-118.21447355017152,0.36619718309859156
2019-10-16,37.05034015704658,-118.21402439252948,0.28662420382165604
2019-10-16,37.05034015704658,-118.2135752348874,0.3953033268101761
2019-10-16,37.05034015704658,-118.21312607724536,0.473491773308958
2019-10-16,37.05034015704658,-118.21267691960328,0.4783427495291902
2019-10-16,37.05034015704658,-118.21222776196124,0.9298245614035088
2019-10-16,37.05034015704658,-118.21177860431916,1.3851417399804498
2019-10-16,37.05034015704658,-118.21132944667713,1.9941648431801604
2019-10-16,37.05078931468864,-118.21761765366594,0.8857868020304569
2019-10-16,37.05078931468864,-118.21716849602387,0.5131086142322098
2019-10-16,37.05078931468864,-118.21671933838182,0.505859375
2019-10-16,37.05078931468864,-118.21627018073976,0.46236559139784944
2019-10-16,37.05078931468864,-118.2158210230977,0.6178107606679035
2019-10-16,37.05078931468864,-118.21537186545564,0.5859030837004405
2019-10-16,37.05078931468864,-118.2149227078136,0.4692982456140351
2019-10-16,37.05078931468864,-118.21447355017152,0.28378378378378377
2019-10-16,37.05078931468864,-118.21402439252948,0.21061946902654868
2019-10-16,37.05078931468864,-118.2135752348874,0.41947565543071164
2019-10-16,37.05078931468864,-118.21312607724536,0.5634266886326195
2019-10-16,37.05078931468864,-118.21267691960328,0.5498533724340176
2019-10-16,37.05078931468864,-118.21222776196124,1.0310478654592496
2019-10-16,37.05078931468864,-118.21177860431916,1.3261648745519714
2019-10-16,37.05078931468864,-118.21132944667713,1.7334630350194553
2019-10-16,37.051238472330695,-118.21851596895006,0.5987748851454824
2019-10-16,37.051238472330695,-118.218066811308,0.5812274368231047
2019-10-16,37.051238472330695,-118.21761765366594,0.5617283950617284
2019-10-16,37.051238472330695,-118.21716849602387,0.5009784735812133
2019-10-16,37.051238472330695,-118.21671933838182,0.37355371900826445
2019-10-16,37.051238472330695,-118.21627018073976,0.42834890965732086
2019-10-16,37.051238472330695,-118.2158210230977,0.5294117647058824
2019-10-16,37.051238472330695,-118.21537186545564,0.35475234270414996
2019-10-16,37.051238472330695,-118.2149227078136,0.3382899628252788
2019-10-16,37.051238472330695,-118.21447355017152,0.400359066427289
2019-10-16,37.051238472330695,-118.21402439252948,0.4946808510638298
2019-10-16,37.051238472330695,-118.2135752348874,0.5699300699300699
2019-10-16,37.051238472330695,-118.21312607724536,0.5224806201550387
2019-10-16,37.051238472330695,-118.21267691960328,0.7553699284009546
2019-10-16,37.051238472330695,-118.21222776196124,1.05
2019-10-16,37.051238472330695,-118.21177860431916,1.5520565552699228
2019-10-16,37.051687629972754,-118.2194142842342,0.8034623217922607
2019-10-16,37.051687629972754,-118.21896512659212,0.6879150066401063
2019-10-16,37.051687629972754,-118.21851596895006,0.5275035260930888
2019-10-16,37.051687629972754,-118.218066811308,0.43776824034334766
2019-10-16,37.051687629972754,-118.21761765366594,0.37941176470588234
2019-10-16,37.051687629972754,-118.21716849602387,0.23878627968337732
2019-10-16,37.051687629972754,-118.21671933838182,0.2120822622107969
2019-10-16,37.051687629972754,-118.21627018073976,0.35397039030955585
2019-10-16,37.051687629972754,-118.2158210230977,0.5510204081632653
2019-10-16,37.051687629972754,-118.21537186545564,0.5413416536661466
2019-10-16,37.051687629972754,-118.2149227078136,0.6661184210526315
2019-10-16,37.051687629972754,-118.21447355017152,0.42394822006472493
2019-10-16,37.051687629972754,-118.21402439252948,0.4528
2019-10-16,37.051687629972754,-118.2135752348874,0.4444444444444444
2019-10-16,37.051687629972754,-118.21312607724536,0.4204685573366215
2019-10-16,37.051687629972754,-118.21267691960328,0.5634674922600619
2019-10-16,37.051687629972754,-118.21222776196124,1.0606980273141122
2019-10-16,37.051687629972754,-118.21177860431916,1.5358577165806082
2019-10-16,37.05213678761481,-118.22031259951832,1.1831425598335068
2019-10-16,37.05213678761481,-118.21986344187624,0.8522458628841607
2019-10-16,37.05213678761481,-118.2194142842342,0.9841849148418491
2019-10-16,37.05213678761481,-118.21896512659212,0.9077540106951871
2019-10-16,37.05213678761481,-118.21851596895006,0.7740524781341108
2019-10-16,37.05213678761481,-118.218066811308,0.6438953488372093
2019-10-16,37.05213678761481,-118.21761765366594,0.4534075104311544
2019-10-16,37.05213678761481,-118.21716849602387,0.3700137551581843
2019-10-16,37.05213678761481,-118.21671933838182,0.5573770491803278
2019-10-16,37.05213678761481,-118.21627018073976,0.6932952924393724
2019-10-16,37.05213678761481,-118.2158210230977,0.717391304347826
2019-10-16,37.05213678761481,-118.21537186545564,0.6457055214723927
2019-10-16,37.05213678761481,-118.2149227078136,0.6120576671035387
2019-10-16,37.05213678761481,-118.21447355017152,0.326302729528536
2019-10-16,37.05213678761481,-118.21402439252948,0.37028301886792453
2019-10-16,37.05213678761481,-118.2135752348874,0.33889468196037537
2019-10-16,37.05213678761481,-118.21312607724536,0.39775910364145656
2019-10-16,37.05213678761481,-118.21267691960328,0.5391621129326047
2019-10-16,37.05213678761481,-118.21222776196124,1.192831541218638
2019-10-16,37.05258594525687,-118.22121091480244,0.5531475748194015
2019-10-16,37.05258594525687,-118.22076175716036,0.5444444444444444
2019-10-16,37.05258594525687,-118.22031259951832,0.5894854586129754
2019-10-16,37.05258594525687,-118.21986344187624,0.643574297188755
2019-10-16,37.05258594525687,-118.2194142842342,0.6461843409316155
2019-10-16,37.05258594525687,-118.21896512659212,0.7093922651933702
2019-10-16,37.05258594525687,-118.21851596895006,0.5650319829424307
2019-10-16,37.05258594525687,-118.218066811308,0.7163323782234957
2019-10-16,37.05258594525687,-118.21761765366594,0.7186206896551725
2019-10-16,37.05258594525687,-118.21716849602387,0.8144329896907216
2019-10-16,37.05258594525687,-118.21671933838182,0.886685552407932
2019-10-16,37.05258594525687,-118.21627018073976,0.8089260808926081
2019-10-16,37.05258594525687,-118.2158210230977,0.6986111111111111
2019-10-16,37.05258594525687,-118.21537186545564,0.4796547472256473
2019-10-16,37.05258594525687,-118.2149227078136,0.4460352422907489
2019-10-16,37.05258594525687,-118.21447355017152,0.4612202688728025
2019-10-16,37.05258594525687,-118.21402439252948,0.4407960199004975
2019-10-16,37.05258594525687,-118.2135752348874,0.45013979496738116
2019-10-16,37.05258594525687,-118.21312607724536,0.6120996441281139
2019-10-16,37.05258594525687,-118.21267691960328,0.7837384744341995
2019-10-16,37.05258594525687,-118.21222776196124,1.2852741836105976
2019-10-16,37.05303510289893,-118.22210923008656,0.7082896117523609
2019-10-16,37.05303510289893,-118.22166007244448,0.5402521823472357
2019-10-16,37.05303510289893,-118.22121091480244,0.5722543352601156
2019-10-16,37.05303510289893,-118.22076175716036,0.5664403491755577
2019-10-16,37.05303510289893,-118.22031259951832,0.5913978494623656
2019-10-16,37.05303510289893,-118.21986344187624,0.5936920222634509
2019-10-16,37.05303510289893,-118.2194142842342,0.7371854613233924
2019-10-16,37.05303510289893,-118.21896512659212,0.724169741697417
2019-10-16,37.05303510289893,-118.21851596895006,0.5684306569343066
2019-10-16,37.05303510289893,-118.218066811308,0.5281625115420129
2019-10-16,37.05303510289893,-118.21761765366594,0.6219262295081968
2019-10-16,37.05303510289893,-118.21716849602387,0.7226107226107226
2019-10-16,37.05303510289893,-118.21671933838182,0.6564277588168373
2019-10-16,37.05303510289893,-118.21627018073976,0.6197327852004111
2019-10-16,37.05303510289893,-118.2158210230977,0.5341009743135519
2019-10-16,37.05303510289893,-118.21537186545564,0.5542064180398959
2019-10-16,37.05303510289893,-118.2149227078136,0.5644904458598726
2019-10-16,37.05303510289893,-118.21447355017152,0.6144486692015209
2019-10-16,37.05303510289893,-118.21402439252948,0.6856492027334852
2019-10-16,37.05303510289893,-118.2135752348874,0.7565485362095532
2019-10-16,37.05303510289893,-118.21312607724536,0.9241323648103309
2019-10-16,37.05303510289893,-118.21267691960328,1.2175414364640884
2019-10-16,37.05303510289893,-118.21222776196124,1.8484650555192685
2019-10-16,37.053484260541,-118.22300754537066,0.7699836867862969
2019-10-16,37.053484260541,-118.2225583877286,0.5749097472924187
2019-10-16,37.053484260541,-118.22210923008656,0.5181660899653979
2019-10-16,37.053484260541,-118.22166007244448,0.5401459854014599
2019-10-16,37.053484260541,-118.22121091480244,0.6580050293378038
2019-10-16,37.053484260541,-118.22076175716036,0.7192691029900332
2019-10-16,37.053484260541,-118.22031259951832,0.6919720767888308
2019-10-16,37.053484260541,-118.21986344187624,0.7857142857142857
2019-10-16,37.053484260541,-118.2194142842342,0.9407831900668577
2019-10-16,37.053484260541,-118.21896512659212,0.8898467432950191
2019-10-16,37.053484260541,-118.21851596895006,0.8756218905472637
2019-10-16,37.053484260541,-118.218066811308,0.9098116947472745
2019-10-16,37.053484260541,-118.21761765366594,0.9014634146341464
2019-10-16,37.053484260541,-118.21716849602387,0.8747591522157996
2019-10-16,37.053484260541,-118.21671933838182,0.7580340264650284
2019-10-16,37.053484260541,-118.21627018073976,0.6758193091231178
2019-10-16,37.053484260541,-118.2158210230977,0.74235807860262
2019-10-16,37.053484260541,-118.21537186545564,0.7928007023705005
2019-10-16,37.053484260541,-118.2149227078136,0.7116613418530351
2019-10-16,37.053484260541,-118.21447355017152,0.7444682369735903
2019-10-16,37.053484260541,-118.21402439252948,0.7564276048714479
2019-10-16,37.053484260541,-118.2135752348874,0.8017414601473544
2019-10-16,37.053484260541,-118.21312607724536,1.0136570561456753
2019-10-16,37.053484260541,-118.21267691960328,1.6659722222222222
2019-10-16,37.05393341818306,-118.22390586065478,1.0504148053605615
2019-10-16,37.05393341818306,-118.22345670301272,0.821020563594821
2019-10-16,37.05393341818306,-118.22300754537066,0.6767600302800908
2019-10-16,37.05393341818306,-118.2225583877286,0.5690140845070423
2019-10-16,37.05393341818306,-118.22210923008656,0.5435374149659864
2019-10-16,37.05393341818306,-118.22166007244448,0.6046511627906976
2019-10-16,37.05393341818306,-118.22121091480244,0.6608695652173913
2019-10-16,37.05393341818306,-118.22076175716036,0.6315449256625727
2019-10-16,37.05393341818306,-118.22031259951832,0.6628814762242725
2019-10-16,37.05393341818306,-118.21986344187624,0.7249809014514896
2019-10-16,37.05393341818306,-118.2194142842342,0.6896807720861173
2019-10-16,37.05393341818306,-118.21896512659212,0.7093821510297483
2019-10-16,37.05393341818306,-118.21851596895006,0.8270223752151463
2019-10-16,37.05393341818306,-118.218066811308,0.8545135845749343
2019-10-16,37.05393341818306,-118.21761765366594,0.8732014388489209
2019-10-16,37.05393341818306,-118.21716849602387,0.8028169014084507
2019-10-16,37.05393341818306,-118.21671933838182,0.7542288557213931
2019-10-16,37.05393341818306,-118.21627018073976,0.7733812949640287
2019-10-16,37.05393341818306,-118.2158210230977,0.8043117744610282
2019-10-16,37.05393341818306,-118.21537186545564,0.8304668304668305
2019-10-16,37.05393341818306,-118.2149227078136,0.7779422649888971
2019-10-16,37.05393341818306,-118.21447355017152,0.7969676994067239
2019-10-16,37.05393341818306,-118.21402439252948,0.8202319587628866
2019-10-16,37.05393341818306,-118.2135752348874,0.973342939481268
2019-10-16,37.05393341818306,-118.21312607724536,1.2432667245873155
2019-10-16,37.05393341818306,-118.21267691960328,2.299258037922506
2019-10-16,37.05438257582512,-118.2248041759389,0.9989023051591658
2019-10-16,37.05438257582512,-118.22435501829683,1.0082961072112318
2019-10-16,37.05438257582512,-118.22390586065478,0.9447592067988668
2019-10-16,37.05438257582512,-118.22345670301272,1.0201938610662358
2019-10-16,37.05438257582512,-118.22300754537066,0.9762470308788599
2019-10-16,37.05438257582512,-118.2225583877286,0.9794617563739377
2019-10-16,37.05438257582512,-118.22210923008656,1.0475524475524476
2019-10-16,37.05438257582512,-118.22166007244448,1.0793871866295264
2019-10-16,37.05438257582512,-118.22121091480244,1.0345285524568393
2019-10-16,37.05438257582512,-118.22076175716036,0.9968213604577241
2019-10-16,37.05438257582512,-118.22031259951832,1.0392287234042554
2019-10-16,37.05438257582512,-118.21986344187624,0.9145762711864407
2019-10-16,37.05438257582512,-118.2194142842342,0.9237348538845331
2019-10-16,37.05438257582512,-118.21896512659212,1.1408906882591092
2019-10-16,37.05438257582512,-118.21851596895006,0.8106180665610143
2019-10-16,37.05438257582512,-118.218066811308,0.7312
2019-10-16,37.05438257582512,-118.21761765366594,0.8782924613987284
2019-10-16,37.05438257582512,-118.21716849602387,0.9122315592903828
2019-10-16,37.05438257582512,-118.21671933838182,0.9519774011299436
2019-10-16,37.05438257582512,-118.21627018073976,0.925414364640884
2019-10-16,37.05438257582512,-118.2158210230977,0.9666064981949458
2019-10-16,37.05438257582512,-118.21537186545564,0.927536231884058
2019-10-16,37.05438257582512,-118.2149227078136,0.8269375470278405
2019-10-16,37.05438257582512,-118.21447355017152,0.890353920888272
2019-10-16,37.05438257582512,-118.21402439252948,1.049264705882353
2019-10-16,37.05438257582512,-118.2135752348874,1.4613899613899615
2019-10-16,37.05438257582512,-118.21312607724536,1.662460567823344
2019-10-16,37.05438257582512,-118.21267691960328,1.8450819672131147
2019-10-16,37.054831733467175,-118.22570249122302,1.0373673036093418
2019-10-16,37.054831733467175,-118.22525333358097,1.0464114832535885
2019-10-16,37.054831733467175,-118.2248041759389,1.0054466230936818
2019-10-16,37.054831733467175,-118.22435501829683,0.9514388489208633
2019-10-16,37.054831733467175,-118.22390586065478,0.8686934023285899
2019-10-16,37.054831733467175,-118.22345670301272,0.9101707498144024
2019-10-16,37.054831733467175,-118.22300754537066,0.8614551083591331
2019-10-16,37.054831733467175,-118.2225583877286,0.9548989113530326
2019-10-16,37.054831733467175,-118.22210923008656,1.201954397394137
2019-10-16,37.054831733467175,-118.22166007244448,1.2948504983388704
2019-10-16,37.054831733467175,-118.22121091480244,1.3219917012448132
2019-10-16,37.054831733467175,-118.22076175716036,1.3562753036437247
2019-10-16,37.054831733467175,-118.22031259951832,1.3127443315089915
2019-10-16,37.054831733467175,-118.21986344187624,1.0401106500691564
2019-10-16,37.054831733467175,-118.2194142842342,0.9377895433487756
2019-10-16,37.054831733467175,-118.21896512659212,1.0324528301886793
2019-10-16,37.054831733467175,-118.21851596895006,1.1755577109602329
2019-10-16,37.054831733467175,-118.218066811308,1.591644204851752
2019-10-16,37.054831733467175,-118.21761765366594,1.68
2019-10-16,37.054831733467175,-118.21716849602387,1.6649746192893402
2019-10-16,37.054831733467175,-118.21671933838182,1.4022662889518414
2019-10-16,37.054831733467175,-118.21627018073976,1.255050505050505
2019-10-16,37.054831733467175,-118.2158210230977,1.1501154734411085
2019-10-16,37.054831733467175,-118.21537186545564,1.1084198385236448
2019-10-16,37.054831733467175,-118.2149227078136,1.112008072653885
2019-10-16,37.054831733467175,-118.21447355017152,1.125984251968504
2019-10-16,37.054831733467175,-118.21402439252948,1.1628883291351806
2019-10-16,37.054831733467175,-118.2135752348874,1.274468085106383
2019-10-16,37.054831733467175,-118.21312607724536,1.2269417475728155
2019-10-16,37.054831733467175,-118.21267691960328,1.5292207792207793
2019-10-16,37.055280891109234,-118.22660080650714,1.1052824651504036
2019-10-16,37.055280891109234,-118.22615164886508,1.1356869417269246
2019-10-16,37.055280891109234,-118.22570249122302,1.1290626471973622
2019-10-16,37.055280891109234,-118.22525333358097,1.058968058968059
2019-10-16,37.055280891109234,-118.2248041759389,1.0704521556256572
2019-10-16,37.055280891109234,-118.22435501829683,1.034543325526932
2019-10-16,37.055280891109234,-118.22390586065478,1.035883547731889
2019-10-16,37.055280891109234,-118.22345670301272,0.9841269841269841
2019-10-16,37.055280891109234,-118.22300754537066,0.9276923076923077
2019-10-16,37.055280891109234,-118.2225583877286,1.0684818481848184
2019-10-16,37.055280891109234,-118.22210923008656,1.2559366754617414
2019-10-16,37.055280891109234,-118.22166007244448,1.314121037463977
2019-10-16,37.055280891109234,-118.22121091480244,1.5121681415929205
2019-10-16,37.055280891109234,-118.22076175716036,1.5314222712238148
2019-10-16,37.055280891109234,-118.22031259951832,1.5015739769150052
2019-10-16,37.055280891109234,-118.21986344187624,1.4912641315519013
2019-10-16,37.055280891109234,-118.2194142842342,1.369047619047619
2019-10-16,37.055280891109234,-118.21896512659212,1.104669887278583
2019-10-16,37.055280891109234,-118.21851596895006,1.029277218664227
2019-10-16,37.055280891109234,-118.218066811308,1.1920438957475994
2019-10-16,37.055280891109234,-118.21761765366594,1.416819012797075
2019-10-16,37.055280891109234,-118.21716849602387,1.326
2019-10-16,37.055280891109234,-118.21671933838182,1.1360424028268552
2019-10-16,37.055280891109234,-118.21627018073976,1.3134796238244515
2019-10-16,37.055280891109234,-118.2158210230977,1.1159420289855073
2019-10-16,37.055280891109234,-118.21537186545564,0.984375
2019-10-16,37.055280891109234,-118.2149227078136,0.8868921775898521
2019-10-16,37.055280891109234,-118.21447355017152,0.9663461538461539
2019-10-16,37.055280891109234,-118.21402439252948,1.083408071748879
2019-10-16,37.055280891109234,-118.2135752348874,1.1442622950819672
2019-10-16,37.055280891109234,-118.21312607724536,1.058890147225368
2019-10-16,37.055280891109234,-118.21267691960328,1.7271214642262895
2019-10-16,37.05573004875129,-118.22749912179124,1.1293837248893428
2019-10-16,37.05573004875129,-118.2270499641492,1.0771762984637894
2019-10-16,37.05573004875129,-118.22660080650714,1.075164664858582
2019-10-16,37.05573004875129,-118.22615164886508,1.0787242632216392
2019-10-16,37.05573004875129,-118.22570249122302,1.1303142329020333
2019-10-16,37.05573004875129,-118.22525333358097,1.1659939455095862
2019-10-16,37.05573004875129,-118.2248041759389,1.0172754195459033
2019-10-16,37.05573004875129,-118.22435501829683,0.9488126649076517
2019-10-16,37.05573004875129,-118.22390586065478,0.9853747714808044
2019-10-16,37.05573004875129,-118.22345670301272,0.9349747474747475
2019-10-16,37.05573004875129,-118.22300754537066,0.8338658146964856
2019-10-16,37.05573004875129,-118.2225583877286,0.8611500701262272
2019-10-16,37.05573004875129,-118.22210923008656,1.0539599651871192
2019-10-16,37.05573004875129,-118.22166007244448,1.2519167579408543
2019-10-16,37.05573004875129,-118.22121091480244,1.356164383561644
2019-10-16,37.05573004875129,-118.22076175716036,1.3547169811320754
2019-10-16,37.05573004875129,-118.22031259951832,1.407741935483871
2019-10-16,37.05573004875129,-118.21986344187624,1.6382113821138211
2019-10-16,37.05573004875129,-118.2194142842342,1.9871977240398293
2019-10-16,37.05573004875129,-118.21896512659212,1.884004884004884
2019-10-16,37.05573004875129,-118.21851596895006,1.58926487747958
2019-10-16,37.05573004875129,-118.218066811308,1.7740740740740741
2019-10-16,37.05573004875129,-118.21761765366594,1.1620553359683794
2019-10-16,37.05573004875129,-118.21716849602387,0.9919028340080972
2019-10-16,37.05573004875129,-118.21671933838182,0.9226415094339623
2019-10-16,37.05573004875129,-118.21627018073976,1.003338898163606
2019-10-16,37.05573004875129,-118.2158210230977,0.9708454810495627
2019-10-16,37.05573004875129,-118.21537186545564,1.0909090909090908
2019-10-16,37.05573004875129,-118.2149227078136,1.0038167938931297
2019-10-16,37.05573004875129,-118.21447355017152,1.118942731277533
2019-10-16,37.05573004875129,-118.21402439252948,1.2012644889357218
2019-10-16,37.05573004875129,-118.2135752348874,1.4427860696517414
2019-10-16,37.05573004875129,-118.21312607724536,1.32
2019-10-16,37.05573004875129,-118.21267691960328,1.594805194805195
2019-10-16,37.05617920639335,-118.22749912179124,1.0959968907889623
2019-10-16,37.05617920639335,-118.2270499641492,1.057700121901666
2019-10-16,37.05617920639335,-118.22660080650714,1.080047789725209
2019-10-16,37.05617920639335,-118.22615164886508,1.0853905301497369
2019-10-16,37.05617920639335,-118.22570249122302,1.0524816924328722
2019-10-16,37.05617920639335,-118.22525333358097,0.9280366056572379
2019-10-16,37.05617920639335,-118.2248041759389,0.919425087108014
2019-10-16,37.05617920639335,-118.22435501829683,1.0019157088122606
2019-10-16,37.05617920639335,-118.22390586065478,1.030735455543359
2019-10-16,37.05617920639335,-118.22345670301272,0.9551991150442478
2019-10-16,37.05617920639335,-118.22300754537066,1.0476780185758514
2019-10-16,37.05617920639335,-118.2225583877286,1.1045883940620782
2019-10-16,37.05617920639335,-118.22210923008656,1.1532125205930808
2019-10-16,37.05617920639335,-118.22166007244448,1.0029354207436398
2019-10-16,37.05617920639335,-118.22121091480244,0.8803879310344828
2019-10-16,37.05617920639335,-118.22076175716036,0.8665893271461717
2019-10-16,37.05617920639335,-118.22031259951832,1.0765895953757225
2019-10-16,37.05617920639335,-118.21986344187624,1.1326053042121684
2019-10-16,37.05617920639335,-118.2194142842342,1.3412698412698412
2019-10-16,37.05617920639335,-118.21896512659212,1.5500770416024654
2019-10-16,37.05617920639335,-118.21851596895006,1.98932384341637
2019-10-16,37.05617920639335,-118.218066811308,2.2562929061784898
2019-10-16,37.05617920639335,-118.21761765366594,1.019108280254777
2019-10-16,37.05617920639335,-118.21716849602387,0.7427007299270073
2019-10-16,37.05617920639335,-118.21671933838182,0.7235915492957746
2019-10-16,37.05617920639335,-118.21627018073976,0.6759941089837997
2019-10-16,37.05617920639335,-118.2158210230977,0.704225352112676
2019-10-16,37.05617920639335,-118.21537186545564,0.8108776266996292
2019-10-16,37.05617920639335,-118.2149227078136,0.9756394640682094
2019-10-16,37.05617920639335,-118.21447355017152,1.0498220640569396
2019-10-16,37.05617920639335,-118.21402439252948,1.3150851581508516
2019-10-16,37.05617920639335,-118.2135752348874,1.5559006211180124
2019-10-16,37.05617920639335,-118.21312607724536,1.6025641025641026
2019-10-16,37.05617920639335,-118.21267691960328,1.5565777368905245
2019-10-16,37.05662836403541,-118.22794827943332,1.103201634877384
2019-10-16,37.05662836403541,-118.22749912179124,1.0229797012638835
2019-10-16,37.05662836403541,-118.2270499641492,0.9865951742627346
2019-10-16,37.05662836403541,-118.22660080650714,1.1016260162601625
2019-10-16,37.05662836403541,-118.22615164886508,1.0906967691708835
2019-10-16,37.05662836403541,-118.22570249122302,1.024447949526814
2019-10-16,37.05662836403541,-118.22525333358097,1.0271716755866611
2019-10-16,37.05662836403541,-118.2248041759389,0.9818256918628666
2019-10-16,37.05662836403541,-118.22435501829683,0.9405684754521964
2019-10-16,37.05662836403541,-118.22390586065478,0.9303482587064676
2019-10-16,37.05662836403541,-118.22345670301272,0.98568281938326
2019-10-16,37.05662836403541,-118.22300754537066,1.2447599729546992
2019-10-16,37.05662836403541,-118.2225583877286,1.3969849246231156
2019-10-16,37.05662836403541,-118.22210923008656,1.4455445544554455
2019-10-16,37.05662836403541,-118.22166007244448,1.3201284796573876
2019-10-16,37.05662836403541,-118.22121091480244,1.0624290578887627
2019-10-16,37.05662836403541,-118.22076175716036,0.9405286343612335
2019-10-16,37.05662836403541,-118.22031259951832,1.0
2019-10-16,37.05662836403541,-118.21986344187624,0.9057377049180327
2019-10-16,37.05662836403541,-118.2194142842342,0.9568567026194145
2019-10-16,37.05662836403541,-118.21896512659212,1.27124773960217
2019-10-16,37.05662836403541,-118.21851596895006,1.0540983606557377
2019-10-16,37.05662836403541,-118.218066811308,0.893687707641196
2019-10-16,37.05662836403541,-118.21761765366594,0.6733001658374793
2019-10-16,37.05662836403541,-118.21716849602387,0.8353474320241692
2019-10-16,37.05662836403541,-118.21671933838182,0.7720488466757124
2019-10-16,37.05662836403541,-118.21627018073976,0.7648514851485149
2019-10-16,37.05662836403541,-118.2158210230977,0.7806072477962782
2019-10-16,37.05662836403541,-118.21537186545564,0.8923220973782772
2019-10-16,37.05662836403541,-118.2149227078136,0.9912854030501089
2019-10-16,37.05662836403541,-118.21447355017152,1.3276923076923077
2019-10-16,37.05662836403541,-118.21402439252948,1.3465189873417722
2019-10-16,37.05662836403541,-118.2135752348874,1.4942748091603053
2019-10-16,37.05662836403541,-118.21312607724536,1.0214168039538716
2019-10-16,37.05662836403541,-118.21267691960328,2.0297482837528604
2019-10-16,37.05707752167747,-118.22794827943332,1.0645805592543276
2019-10-16,37.05707752167747,-118.22749912179124,1.021268656716418
2019-10-16,37.05707752167747,-118.2270499641492,1.078895463510848
2019-10-16,37.05707752167747,-118.22660080650714,1.0437898089171975
2019-10-16,37.05707752167747,-118.22615164886508,1.0076804915514592
2019-10-16,37.05707752167747,-118.22570249122302,1.0502815768302494
2019-10-16,37.05707752167747,-118.22525333358097,1.1846846846846846
2019-10-16,37.05707752167747,-118.2248041759389,1.1676646706586826
2019-10-16,37.05707752167747,-118.22435501829683,1.1383325570563576
2019-10-16,37.05707752167747,-118.22390586065478,1.0595065312046443
2019-10-16,37.05707752167747,-118.22345670301272,1.146816037735849
2019-10-16,37.05707752167747,-118.22300754537066,1.3720754716981132
2019-10-16,37.05707752167747,-118.2225583877286,1.3820713664055702
2019-10-16,37.05707752167747,-118.22210923008656,1.2381801962533452
2019-10-16,37.05707752167747,-118.22166007244448,1.0597572362278245
2019-10-16,37.05707752167747,-118.22121091480244,1.0340425531914894
2019-10-16,37.05707752167747,-118.22076175716036,0.9440993788819876
2019-10-16,37.05707752167747,-118.22031259951832,0.978698224852071
2019-10-16,37.05707752167747,-118.21986344187624,0.820577164366374
2019-10-16,37.05707752167747,-118.2194142842342,1.0014792899408285
2019-10-16,37.05707752167747,-118.21896512659212,1.2148014440433212
2019-10-16,37.05707752167747,-118.21851596895006,1.0228070175438597
2019-10-16,37.05707752167747,-118.218066811308,1.0805604203152364
2019-10-16,37.05707752167747,-118.21761765366594,1.199616122840691
2019-10-16,37.05707752167747,-118.21716849602387,1.4252873563218391
2019-10-16,37.05707752167747,-118.21671933838182,1.1884498480243162
2019-10-16,37.05707752167747,-118.21627018073976,1.2168508287292819
2019-10-16,37.05707752167747,-118.2158210230977,1.3844221105527639
2019-10-16,37.05707752167747,-118.21537186545564,1.3490990990990992
2019-10-16,37.05707752167747,-118.2149227078136,1.2126696832579185
2019-10-16,37.05707752167747,-118.21447355017152,1.7745974955277282
2019-10-16,37.05707752167747,-118.21402439252948,1.6520833333333333
2019-10-16,37.05707752167747,-118.2135752348874,1.3592017738359201
2019-10-16,37.05707752167747,-118.21312607724536,0.7762711864406779
2019-10-16,37.05707752167747,-118.21267691960328,1.9959349593495934
2019-10-16,37.05752667931953,-118.22839743707536,1.2143537630993966
2019-10-16,37.05752667931953,-118.22794827943332,1.090427293805896
2019-10-16,37.05752667931953,-118.22749912179124,1.0534016093635699
2019-10-16,37.05752667931953,-118.2270499641492,1.1101660591332523
2019-10-16,37.05752667931953,-118.22660080650714,1.2089026002644336
2019-10-16,37.05752667931953,-118.22615164886508,1.2988165680473374
2019-10-16,37.05752667931953,-118.22570249122302,1.550974930362117
2019-10-16,37.05752667931953,-118.22525333358097,1.5049104563835933
2019-10-16,37.05752667931953,-118.2248041759389,1.5020995800839831
2019-10-16,37.05752667931953,-118.22435501829683,1.5128518971848226
2019-10-16,37.05752667931953,-118.22390586065478,1.1961674230963186
2019-10-16,37.05752667931953,-118.22345670301272,1.360838244924689
2019-10-16,37.05752667931953,-118.22300754537066,1.5358067299396032
2019-10-16,37.05752667931953,-118.2225583877286,1.2324324324324325
2019-10-16,37.05752667931953,-118.22210923008656,1.0952848722986248
2019-10-16,37.05752667931953,-118.22166007244448,1.0730964467005075
2019-10-16,37.05752667931953,-118.22121091480244,1.0707070707070707
2019-10-16,37.05752667931953,-118.22076175716036,1.1255924170616114
2019-10-16,37.05752667931953,-118.22031259951832,1.1796875
2019-10-16,37.05752667931953,-118.21986344187624,1.1302395209580838
2019-10-16,37.05752667931953,-118.2194142842342,1.3035714285714286
2019-10-16,37.05752667931953,-118.21896512659212,1.2914485165794067
2019-10-16,37.05752667931953,-118.21851596895006,1.364522417153996
2019-10-16,37.05752667931953,-118.218066811308,1.411530815109344
2019-10-16,37.05752667931953,-118.21761765366594,1.2352941176470589
2019-10-16,37.05752667931953,-118.21716849602387,1.1027027027027028
2019-10-16,37.05752667931953,-118.21671933838182,1.1339712918660287
2019-10-16,37.05752667931953,-118.21627018073976,1.2657450076804915
2019-10-16,37.05752667931953,-118.2158210230977,1.5168195718654434
2019-10-16,37.05752667931953,-118.21537186545564,1.539454806312769
2019-10-16,37.05752667931953,-118.2149227078136,1.5019255455712452
2019-10-16,37.05752667931953,-118.21447355017152,2.1677148846960166
2019-10-16,37.05752667931953,-118.21402439252948,1.8138424821002386
2019-10-16,37.05752667931953,-118.2135752348874,1.4733333333333334
2019-10-16,37.05752667931953,-118.21312607724536,0.9237918215613383
2019-10-16,37.05752667931953,-118.21267691960328,1.748456790123457
2019-10-16,37.05797583696159,-118.22839743707536,1.2351738241308794
2019-10-16,37.05797583696159,-118.22794827943332,1.1493212669683257
2019-10-16,37.05797583696159,-118.22749912179124,1.1228528752800597
2019-10-16,37.05797583696159,-118.2270499641492,1.2050281751192025
2019-10-16,37.05797583696159,-118.22660080650714,1.2731048805815162
2019-10-16,37.05797583696159,-118.22615164886508,1.3106332138590202
2019-10-16,37.05797583696159,-118.22570249122302,1.2656875834445929
2019-10-16,37.05797583696159,-118.22525333358097,1.227994227994228
2019-10-16,37.05797583696159,-118.2248041759389,1.2876386687797148
2019-10-16,37.05797583696159,-118.22435501829683,1.2481869460112813
2019-10-16,37.05797583696159,-118.22390586065478,1.2931570762052877
2019-10-16,37.05797583696159,-118.22345670301272,1.307327001356852
2019-10-16,37.05797583696159,-118.22300754537066,1.1286201022146507
2019-10-16,37.05797583696159,-118.2225583877286,1.0890609874152952
2019-10-16,37.05797583696159,-118.22210923008656,1.254739336492891
2019-10-16,37.05797583696159,-118.22166007244448,1.3415300546448088
2019-10-16,37.05797583696159,-118.22121091480244,1.312751677852349
2019-10-16,37.05797583696159,-118.22076175716036,1.3087557603686637
2019-10-16,37.05797583696159,-118.22031259951832,1.3417935702199661
2019-10-16,37.05797583696159,-118.21986344187624,1.150887573964497
2019-10-16,37.05797583696159,-118.2194142842342,1.1024096385542168
2019-10-16,37.05797583696159,-118.21896512659212,1.274914089347079
2019-10-16,37.05797583696159,-118.21851596895006,1.4862579281183932
2019-10-16,37.05797583696159,-118.218066811308,1.691566265060241
2019-10-16,37.05797583696159,-118.21761765366594,1.2851063829787235
2019-10-16,37.05797583696159,-118.21716849602387,1.0692883895131087
2019-10-16,37.05797583696159,-118.21671933838182,1.190990990990991
2019-10-16,37.05797583696159,-118.21627018073976,1.4389380530973452
2019-10-16,37.05797583696159,-118.2158210230977,1.3569023569023568
2019-10-16,37.05797583696159,-118.21537186545564,1.5747126436781609
2019-10-16,37.05797583696159,-118.2149227078136,1.2131367292225201
2019-10-16,37.05797583696159,-118.21447355017152,2.144230769230769
2019-10-16,37.05797583696159,-118.21402439252948,1.9022727272727273
2019-10-16,37.05797583696159,-118.2135752348874,1.7553191489361701
2019-10-16,37.05797583696159,-118.21312607724536,0.994535519125683
2019-10-16,37.05797583696159,-118.21267691960328,1.712041884816754
2019-10-16,37.058424994603655,-118.22839743707536,1.073823230612936
2019-10-16,37.058424994603655,-118.22794827943332,1.1254054054054055
2019-10-16,37.058424994603655,-118.22749912179124,1.1796453353893601
2019-10-16,37.058424994603655,-118.2270499641492,1.095357590966123
2019-10-16,37.058424994603655,-118.22660080650714,1.000919963201472
2019-10-16,37.058424994603655,-118.22615164886508,1.0474890829694323
2019-10-16,37.058424994603655,-118.22570249122302,1.2003968253968254
2019-10-16,37.058424994603655,-118.22525333358097,1.1843866171003719
2019-10-16,37.058424994603655,-118.2248041759389,1.1941908713692946
2019-10-16,37.058424994603655,-118.22435501829683,1.125
2019-10-16,37.058424994603655,-118.22390586065478,1.0882597835137386
2019-10-16,37.058424994603655,-118.22345670301272,1.196048632218845
2019-10-16,37.058424994603655,-118.22300754537066,1.000763358778626
2019-10-16,37.058424994603655,-118.2225583877286,0.9589285714285715
2019-10-16,37.058424994603655,-118.22210923008656,1.0616365568544102
2019-10-16,37.058424994603655,-118.22166007244448,1.1475625823451912
2019-10-16,37.058424994603655,-118.22121091480244,1.266068759342302
2019-10-16,37.058424994603655,-118.22076175716036,1.1664190193164934
2019-10-16,37.058424994603655,-118.22031259951832,1.0432098765432098
2019-10-16,37.058424994603655,-118.21986344187624,1.0796324655436447
2019-10-16,37.058424994603655,-118.2194142842342,1.2892561983471074
2019-10-16,37.058424994603655,-118.21896512659212,1.4230769230769231
2019-10-16,37.058424994603655,-118.21851596895006,1.1144010767160162
2019-10-16,37.058424994603655,-118.218066811308,0.9738651994497937
2019-10-16,37.058424994603655,-118.21761765366594,0.8639240506329114
2019-10-16,37.058424994603655,-118.21716849602387,1.0649350649350648
2019-10-16,37.058424994603655,-118.21671933838182,1.0659536541889483
2019-10-16,37.058424994603655,-118.21627018073976,1.0925619834710745
2019-10-16,37.058424994603655,-118.2158210230977,1.2929133858267716
2019-10-16,37.058424994603655,-118.21537186545564,1.608303249097473
2019-10-16,37.058424994603655,-118.2149227078136,2.0157894736842104
2019-10-16,37.058424994603655,-118.21447355017152,1.8141321044546852
2019-10-16,37.058424994603655,-118.21402439252948,2.0671641791044775
2019-10-16,37.058424994603655,-118.2135752348874,1.2589118198874296
2019-10-16,37.058424994603655,-118.21312607724536,1.1063432835820894
2019-10-16,37.058424994603655,-118.21267691960328,1.1011764705882352
2019-10-16,37.058874152245714,-118.22884659471744,1.2730983302411873
2019-10-16,37.058874152245714,-118.22839743707536,1.0682492581602374
2019-10-16,37.058874152245714,-118.22794827943332,1.1590638635462118
2019-10-16,37.058874152245714,-118.22749912179124,1.2796536796536797
2019-10-16,37.058874152245714,-118.2270499641492,1.2831858407079646
2019-10-16,37.058874152245714,-118.22660080650714,1.1488857278330962
2019-10-16,37.058874152245714,-118.22615164886508,1.080168776371308
2019-10-16,37.058874152245714,-118.22570249122302,0.976054732041049
2019-10-16,37.058874152245714,-118.22525333358097,1.0851688693098385
2019-10-16,37.058874152245714,-118.2248041759389,1.1035072711719418
2019-10-16,37.058874152245714,-118.22435501829683,1.0916590284142988
2019-10-16,37.058874152245714,-118.22390586065478,1.0233968804159446
2019-10-16,37.058874152245714,-118.22345670301272,1.1204506065857887
2019-10-16,37.058874152245714,-118.22300754537066,1.1195826645264848
2019-10-16,37.058874152245714,-118.2225583877286,1.1028971028971029
2019-10-16,37.058874152245714,-118.22210923008656,1.003157894736842
2019-10-16,37.058874152245714,-118.22166007244448,0.8556701030927835
2019-10-16,37.058874152245714,-118.22121091480244,0.8986842105263158
2019-10-16,37.058874152245714,-118.22076175716036,0.9704641350210971
2019-10-16,37.058874152245714,-118.22031259951832,0.8990963855421686
2019-10-16,37.058874152245714,-118.21986344187624,0.8304597701149425
2019-10-16,37.058874152245714,-118.2194142842342,0.8628495339547271
2019-10-16,37.058874152245714,-118.21896512659212,1.2398753894080996
2019-10-16,37.058874152245714,-118.21851596895006,1.2423025435073627
2019-10-16,37.058874152245714,-118.218066811308,1.0861244019138756
2019-10-16,37.058874152245714,-118.21761765366594,1.0626740947075208
2019-10-16,37.058874152245714,-118.21716849602387,1.2450090744101634
2019-10-16,37.058874152245714,-118.21671933838182,1.2380952380952381
2019-10-16,37.058874152245714,-118.21627018073976,1.1226765799256506
2019-10-16,37.058874152245714,-118.2158210230977,2.4444444444444446
2019-10-16,37.058874152245714,-118.21537186545564,2.2494845360824742
2019-10-16,37.058874152245714,-118.2149227078136,1.1167434715821813
2019-10-16,37.058874152245714,-118.21447355017152,1.0529634300126103
2019-10-16,37.058874152245714,-118.21402439252948,1.1587112171837708
2019-10-16,37.058874152245714,-118.2135752348874,1.370429252782194
2019-10-16,37.058874152245714,-118.21312607724536,1.6037735849056605
2019-10-16,37.058874152245714,-118.21267691960328,1.1839904420549583
2019-10-16,37.058874152245714,-118.21222776196124,2.7514619883040936
2019-10-16,37.05932330988777,-118.22884659471744,1.4221422142214222
2019-10-16,37.05932330988777,-118.22839743707536,1.4192922927775085
2019-10-16,37.05932330988777,-118.22794827943332,1.528377699648418
2019-10-16,37.05932330988777,-118.22749912179124,1.4683734939759037
2019-10-16,37.05932330988777,-118.2270499641492,1.3167242229896399
2019-10-16,37.05932330988777,-118.22660080650714,1.2541942043721404
2019-10-16,37.05932330988777,-118.22615164886508,1.1840296139608673
2019-10-16,37.05932330988777,-118.22570249122302,1.23042071197411
2019-10-16,37.05932330988777,-118.22525333358097,1.3652849740932642
2019-10-16,37.05932330988777,-118.2248041759389,1.3727087576374746
2019-10-16,37.05932330988777,-118.22435501829683,1.2979189485213583
2019-10-16,37.05932330988777,-118.22390586065478,1.1928104575163399
2019-10-16,37.05932330988777,-118.22345670301272,1.2215189873417722
2019-10-16,37.05932330988777,-118.22300754537066,1.273972602739726
2019-10-16,37.05932330988777,-118.2225583877286,1.3256059009483667
2019-10-16,37.05932330988777,-118.22210923008656,1.0808290155440414
2019-10-16,37.05932330988777,-118.22166007244448,0.9029927760577915
2019-10-16,37.05932330988777,-118.22121091480244,0.7516930022573364
2019-10-16,37.05932330988777,-118.22076175716036,0.8260869565217391
2019-10-16,37.05932330988777,-118.22031259951832,0.976401179941003
2019-10-16,37.05932330988777,-118.21986344187624,0.9636608344549125
2019-10-16,37.05932330988777,-118.2194142842342,1.2059701492537314
2019-10-16,37.05932330988777,-118.21896512659212,1.31044776119403
2019-10-16,37.05932330988777,-118.21851596895006,1.391796322489392
2019-10-16,37.05932330988777,-118.218066811308,1.5539772727272727
2019-10-16,37.05932330988777,-118.21761765366594,1.7801652892561983
2019-10-16,37.05932330988777,-118.21716849602387,1.7033747779751331
2019-10-16,37.05932330988777,-118.21671933838182,1.6673684210526316
2019-10-16,37.05932330988777,-118.21627018073976,2.131707317073171
2019-10-16,37.05932330988777,-118.2158210230977,3.39247311827957
2019-10-16,37.05932330988777,-118.21537186545564,2.2702078521939955
2019-10-16,37.05932330988777,-118.2149227078136,1.2464028776978417
2019-10-16,37.05932330988777,-118.21447355017152,1.2990264255910988
2019-10-16,37.05932330988777,-118.21402439252948,1.9550561797752808
2019-10-16,37.05932330988777,-118.2135752348874,2.7620967741935485
2019-10-16,37.05932330988777,-118.21312607724536,1.814968814968815
2019-10-16,37.05932330988777,-118.21267691960328,1.0405797101449274
2019-10-16,37.05932330988777,-118.21222776196124,1.9425182481751824
2019-10-16,37.05977246752983,-118.22884659471744,1.1786743515850144
2019-10-16,37.05977246752983,-118.22839743707536,1.1923963133640554
2019-10-16,37.05977246752983,-118.22794827943332,1.2392457277548614
2019-10-16,37.05977246752983,-118.22749912179124,1.2529893014474511
2019-10-16,37.05977246752983,-118.2270499641492,1.3917935142289874
2019-10-16,37.05977246752983,-118.22660080650714,1.4755003450655624
2019-10-16,37.05977246752983,-118.22615164886508,1.3137638617090672
2019-10-16,37.05977246752983,-118.22570249122302,1.470358814352574
2019-10-16,37.05977246752983,-118.22525333358097,1.9230769230769231
2019-10-16,37.05977246752983,-118.2248041759389,1.6780487804878048
2019-10-16,37.05977246752983,-118.22435501829683,1.3533123028391167
2019-10-16,37.05977246752983,-118.22390586065478,1.3509700176366843
2019-10-16,37.05977246752983,-118.22345670301272,1.368421052631579
2019-10-16,37.05977246752983,-118.22300754537066,1.3419773095623988
2019-10-16,37.05977246752983,-118.2225583877286,1.2947067238912733
2019-10-16,37.05977246752983,-118.22210923008656,1.1541501976284585
2019-10-16,37.05977246752983,-118.22166007244448,1.2398373983739837
2019-10-16,37.05977246752983,-118.22121091480244,1.2327823691460056
2019-10-16,37.05977246752983,-118.22076175716036,1.2251851851851852
2019-10-16,37.05977246752983,-118.22031259951832,0.9824046920821115
2019-10-16,37.05977246752983,-118.21986344187624,1.1777777777777778
2019-10-16,37.05977246752983,-118.2194142842342,1.5026086956521738
2019-10-16,37.05977246752983,-118.21896512659212,1.692573402417962
2019-10-16,37.05977246752983,-118.21851596895006,1.833916083916084
2019-10-16,37.05977246752983,-118.218066811308,2.268796992481203
2019-10-16,37.05977246752983,-118.21761765366594,3.0232558139534884
2019-10-16,37.05977246752983,-118.21716849602387,3.527536231884058
2019-10-16,37.05977246752983,-118.21671933838182,3.6635802469135803
2019-10-16,37.05977246752983,-118.21627018073976,4.214743589743589
2019-10-16,37.05977246752983,-118.2158210230977,4.151702786377709
2019-10-16,37.05977246752983,-118.21537186545564,3.7966101694915255
2019-10-16,37.05977246752983,-118.2149227078136,2.491094147582697
2019-10-16,37.05977246752983,-118.21447355017152,1.1900684931506849
2019-10-16,37.05977246752983,-118.21402439252948,2.8072033898305087
2019-10-16,37.05977246752983,-118.2135752348874,2.4416135881104033
2019-10-16,37.05977246752983,-118.21312607724536,2.088176352705411
2019-10-16,37.05977246752983,-118.21267691960328,1.6998191681735986
2019-10-16,37.05977246752983,-118.21222776196124,1.645610278372591
2019-10-16,37.06022162517189,-118.22884659471744,1.131937682570594
2019-10-16,37.06022162517189,-118.22839743707536,1.034710743801653
2019-10-16,37.06022162517189,-118.22794827943332,1.1330304996755354
2019-10-16,37.06022162517189,-118.22749912179124,1.1676646706586826
2019-10-16,37.06022162517189,-118.2270499641492,1.342242019302153
2019-10-16,37.06022162517189,-118.22660080650714,1.3670982482863672
2019-10-16,37.06022162517189,-118.22615164886508,1.3277310924369747
2019-10-16,37.06022162517189,-118.22570249122302,1.3887468030690537
2019-10-16,37.06022162517189,-118.22525333358097,1.737142857142857
2019-10-16,37.06022162517189,-118.2248041759389,1.1984126984126984
2019-10-16,37.06022162517189,-118.22435501829683,0.9755351681957186
2019-10-16,37.06022162517189,-118.22390586065478,0.9866666666666667
2019-10-16,37.06022162517189,-118.22345670301272,0.8284023668639053
2019-10-16,37.06022162517189,-118.22300754537066,0.8368200836820083
2019-10-16,37.06022162517189,-118.2225583877286,0.890520694259012
2019-10-16,37.06022162517189,-118.22210923008656,1.0098039215686274
2019-10-16,37.06022162517189,-118.22166007244448,1.1626248216833095
2019-10-16,37.06022162517189,-118.22121091480244,1.2270861833105335
2019-10-16,37.06022162517189,-118.22076175716036,1.1246498599439776
2019-10-16,37.06022162517189,-118.22031259951832,1.3644524236983842
2019-10-16,37.06022162517189,-118.21986344187624,1.7154471544715446
2019-10-16,37.06022162517189,-118.2194142842342,1.9258474576271187
2019-10-16,37.06022162517189,-118.21896512659212,2.084474885844749
2019-10-16,37.06022162517189,-118.21851596895006,2.4421296296296298
2019-10-16,37.06022162517189,-118.218066811308,2.892857142857143
2019-10-16,37.06022162517189,-118.21761765366594,2.275626423690205
2019-10-16,37.06022162517189,-118.21716849602387,2.18854415274463
2019-10-16,37.06022162517189,-118.21671933838182,1.0663983903420524
2019-10-16,37.06022162517189,-118.21627018073976,0.8602941176470589
2019-10-16,37.06022162517189,-118.2158210230977,1.7757009345794392
2019-10-16,37.06022162517189,-118.21537186545564,1.847036328871893
2019-10-16,37.06022162517189,-118.2149227078136,0.7772194304857621
2019-10-16,37.06022162517189,-118.21447355017152,0.8060522696011004
2019-10-16,37.06022162517189,-118.21402439252948,1.551145038167939
2019-10-16,37.06022162517189,-118.2135752348874,1.1775362318840579
2019-10-16,37.06022162517189,-118.21312607724536,2.7714285714285714
2019-10-16,37.06022162517189,-118.21267691960328,3.071283095723014
2019-10-16,37.06022162517189,-118.21222776196124,1.47141041931385
2019-10-16,37.06067078281395,-118.2292957523595,1.3452488687782806
2019-10-16,37.06067078281395,-118.22884659471744,1.43879472693032
2019-10-16,37.06067078281395,-118.22839743707536,1.3551948051948053
2019-10-16,37.06067078281395,-118.22794827943332,1.2813351498637602
2019-10-16,37.06067078281395,-118.22749912179124,1.255733148019458
2019-10-16,37.06067078281395,-118.2270499641492,1.3385335413416537
2019-10-16,37.06067078281395,-118.22660080650714,1.1090116279069768
2019-10-16,37.06067078281395,-118.22615164886508,1.4860074626865671
2019-10-16,37.06067078281395,-118.22570249122302,2.4763406940063093
2019-10-16,37.06067078281395,-118.22525333358097,1.9011725293132329
2019-10-16,37.06067078281395,-118.2248041759389,0.925
2019-10-16,37.06067078281395,-118.22435501829683,0.7777777777777778
2019-10-16,37.06067078281395,-118.22390586065478,0.6809116809116809
2019-10-16,37.06067078281395,-118.22345670301272,0.618421052631579
2019-10-16,37.06067078281395,-118.22300754537066,0.6976421636615812
2019-10-16,37.06067078281395,-118.2225583877286,0.7910863509749304
2019-10-16,37.06067078281395,-118.22210923008656,0.8537234042553191
2019-10-16,37.06067078281395,-118.22166007244448,1.10099573257468
2019-10-16,37.06067078281395,-118.22121091480244,1.1449086161879896
2019-10-16,37.06067078281395,-118.22076175716036,1.2305433186490455
2019-10-16,37.06067078281395,-118.22031259951832,1.2404643449419568
2019-10-16,37.06067078281395,-118.21986344187624,1.4791666666666667
2019-10-16,37.06067078281395,-118.2194142842342,1.9605809128630705
2019-10-16,37.06067078281395,-118.21896512659212,1.907488986784141
2019-10-16,37.06067078281395,-118.21851596895006,2.642857142857143
2019-10-16,37.06067078281395,-118.218066811308,3.4310344827586206
2019-10-16,37.06067078281395,-118.21761765366594,3.295514511873351
2019-10-16,37.06067078281395,-118.21716849602387,2.983682983682984
2019-10-16,37.06067078281395,-118.21671933838182,0.792507204610951
2019-10-16,37.06067078281395,-118.21627018073976,0.7593220338983051
2019-10-16,37.06067078281395,-118.2158210230977,1.959866220735786
2019-10-16,37.06067078281395,-118.21537186545564,2.276190476190476
2019-10-16,37.06067078281395,-118.2149227078136,1.3019197207678883
2019-10-16,37.06067078281395,-118.21447355017152,1.1497504159733778
2019-10-16,37.06067078281395,-118.21402439252948,2.471243042671614
2019-10-16,37.06067078281395,-118.2135752348874,1.8577075098814229
2019-10-16,37.06067078281395,-118.21312607724536,2.7896907216494844
2019-10-16,37.06067078281395,-118.21267691960328,2.7376425855513307
2019-10-16,37.06067078281395,-118.21222776196124,1.1959287531806615
2019-10-16,37.06111994045601,-118.2292957523595,1.5179202423018678
2019-10-16,37.06111994045601,-118.22884659471744,1.2848948374760993
2019-10-16,37.06111994045601,-118.22839743707536,1.2787206266318538
2019-10-16,37.06111994045601,-118.22794827943332,1.2482177576150357
2019-10-16,37.06111994045601,-118.22749912179124,1.2273714699493121
2019-10-16,37.06111994045601,-118.2270499641492,1.252377468910022
2019-10-16,37.06111994045601,-118.22660080650714,1.1174652241112828
2019-10-16,37.06111994045601,-118.22615164886508,1.8793774319066148
2019-10-16,37.06111994045601,-118.22570249122302,2.6227180527383367
2019-10-16,37.06111994045601,-118.22525333358097,1.6564195298372513
2019-10-16,37.06111994045601,-118.2248041759389,1.048695652173913
2019-10-16,37.06111994045601,-118.22435501829683,0.9947183098591549
2019-10-16,37.06111994045601,-118.22390586065478,0.9886547811993517
2019-10-16,37.06111994045601,-118.22345670301272,0.915625
2019-10-16,37.06111994045601,-118.22300754537066,0.9472140762463344
2019-10-16,37.06111994045601,-118.2225583877286,1.0442225392296718
2019-10-16,37.06111994045601,-118.22210923008656,0.9178433889602053
2019-10-16,37.06111994045601,-118.22166007244448,0.9785522788203753
2019-10-16,37.06111994045601,-118.22121091480244,1.248854961832061
2019-10-16,37.06111994045601,-118.22076175716036,1.3644314868804666
2019-10-16,37.06111994045601,-118.22031259951832,0.941908713692946
2019-10-16,37.06111994045601,-118.21986344187624,1.291530944625407
2019-10-16,37.06111994045601,-118.2194142842342,1.9943396226415093
2019-10-16,37.06111994045601,-118.21896512659212,2.4302059496567505
2019-10-16,37.06111994045601,-118.21851596895006,2.8094059405940595
2019-10-16,37.06111994045601,-118.218066811308,2.6421800947867298
2019-10-16,37.06111994045601,-118.21761765366594,2.425806451612903
2019-10-16,37.06111994045601,-118.21716849602387,2.1855855855855855
2019-10-16,37.06111994045601,-118.21671933838182,0.85
2019-10-16,37.06111994045601,-118.21627018073976,1.1633298208640674
2019-10-16,37.06111994045601,-118.2158210230977,2.089403973509934
2019-10-16,37.06111994045601,-118.21537186545564,2.9881889763779528
2019-10-16,37.06111994045601,-118.2149227078136,2.4981412639405205
2019-10-16,37.06111994045601,-118.21447355017152,1.81657848324515
2019-10-16,37.06111994045601,-118.21402439252948,2.488495575221239
2019-10-16,37.06111994045601,-118.2135752348874,2.239915074309979
2019-10-16,37.06111994045601,-118.21312607724536,2.0648330058939095
2019-10-16,37.06111994045601,-118.21267691960328,1.9587813620071686
2019-10-16,37.06111994045601,-118.21222776196124,1.0729023383768914
2019-10-16,37.06111994045601,-118.21177860431916,2.217098943323727
2019-10-16,37.06156909809807,-118.2292957523595,1.764567392583873
2019-10-16,37.06156909809807,-118.22884659471744,1.4316446911866758
2019-10-16,37.06156909809807,-118.22839743707536,1.3831385642737897
2019-10-16,37.06156909809807,-118.22794827943332,1.6750241080038573
2019-10-16,37.06156909809807,-118.22749912179124,2.135654261704682
2019-10-16,37.06156909809807,-118.2270499641492,2.2061711079943898
2019-10-16,37.06156909809807,-118.22660080650714,2.2700617283950617
2019-10-16,37.06156909809807,-118.22615164886508,1.7705426356589147
2019-10-16,37.06156909809807,-118.22570249122302,0.7966804979253111
2019-10-16,37.06156909809807,-118.22525333358097,0.6747311827956989
2019-10-16,37.06156909809807,-118.2248041759389,0.7323943661971831
2019-10-16,37.06156909809807,-118.22435501829683,0.7260061919504643
2019-10-16,37.06156909809807,-118.22390586065478,0.7831858407079646
2019-10-16,37.06156909809807,-118.22345670301272,0.7506561679790026
2019-10-16,37.06156909809807,-118.22300754537066,0.7526377491207503
2019-10-16,37.06156909809807,-118.2225583877286,0.800711743772242
2019-10-16,37.06156909809807,-118.22210923008656,1.0158730158730158
2019-10-16,37.06156909809807,-118.22166007244448,1.1533333333333333
2019-10-16,37.06156909809807,-118.22121091480244,0.828735632183908
2019-10-16,37.06156909809807,-118.22076175716036,1.3628318584070795
2019-10-16,37.06156909809807,-118.22031259951832,1.478021978021978
2019-10-16,37.06156909809807,-118.21986344187624,1.5808625336927224
2019-10-16,37.06156909809807,-118.2194142842342,2.015025041736227
2019-10-16,37.06156909809807,-118.21896512659212,2.233521657250471
2019-10-16,37.06156909809807,-118.21851596895006,2.229338842975207
2019-10-16,37.06156909809807,-118.218066811308,2.2003710575139146
2019-10-16,37.06156909809807,-118.21761765366594,2.0809352517985613
2019-10-16,37.06156909809807,-118.21716849602387,1.3476454293628808
2019-10-16,37.06156909809807,-118.21671933838182,1.126401630988787
2019-10-16,37.06156909809807,-118.21627018073976,1.4903175832687838
2019-10-16,37.06156909809807,-118.2158210230977,1.856777493606138
2019-10-16,37.06156909809807,-118.21537186545564,2.537444933920705
2019-10-16,37.06156909809807,-118.2149227078136,2.2249357326478147
2019-10-16,37.06156909809807,-118.21447355017152,1.6878901373283395
2019-10-16,37.06156909809807,-118.21402439252948,2.1686217008797652
2019-10-16,37.06156909809807,-118.2135752348874,1.9269162210338682
2019-10-16,37.06156909809807,-118.21312607724536,1.1383333333333334
2019-10-16,37.06156909809807,-118.21267691960328,1.080536912751678
2019-10-16,37.06156909809807,-118.21222776196124,1.4882995319812793
2019-10-16,37.06156909809807,-118.21177860431916,1.6717724288840263
2019-10-16,37.06201825574013,-118.22884659471744,1.5526706231454006
2019-10-16,37.06201825574013,-118.22839743707536,1.579150579150579
2019-10-16,37.06201825574013,-118.22794827943332,1.7990543735224587
2019-10-16,37.06201825574013,-118.22749912179124,2.0613915416098227
2019-10-16,37.06201825574013,-118.2270499641492,2.0803418803418805
2019-10-16,37.06201825574013,-118.22660080650714,1.8902654867256636
2019-10-16,37.06201825574013,-118.22615164886508,1.380514705882353
2019-10-16,37.06201825574013,-118.22570249122302,1.0117302052785924
2019-10-16,37.06201825574013,-118.22525333358097,0.961764705882353
2019-10-16,37.06201825574013,-118.2248041759389,0.9639498432601881
2019-10-16,37.06201825574013,-118.22435501829683,0.9427662957074722
2019-10-16,37.06201825574013,-118.22390586065478,1.0080385852090032
2019-10-16,37.06201825574013,-118.22345670301272,0.9667149059334298
2019-10-16,37.06201825574013,-118.22300754537066,0.967940813810111
2019-10-16,37.06201825574013,-118.2225583877286,0.9243421052631579
2019-10-16,37.06201825574013,-118.22210923008656,1.0041237113402062
2019-10-16,37.06201825574013,-118.22166007244448,1.3567567567567567
2019-10-16,37.06201825574013,-118.22121091480244,2.4038461538461537
2019-10-16,37.06201825574013,-118.22076175716036,2.7047817047817047
2019-10-16,37.06201825574013,-118.22031259951832,2.727482678983834
2019-10-16,37.06201825574013,-118.21986344187624,2.6666666666666665
2019-10-16,37.06201825574013,-118.2194142842342,3.2282608695652173
2019-10-16,37.06201825574013,-118.21896512659212,4.011363636363637
2019-10-16,37.06201825574013,-118.21851596895006,3.736196319018405
2019-10-16,37.06201825574013,-118.218066811308,3.501457725947522
2019-10-16,37.06201825574013,-118.21761765366594,3.881720430107527
2019-10-16,37.06201825574013,-118.21716849602387,3.4540942928039704
2019-10-16,37.06201825574013,-118.21671933838182,1.910472972972973
2019-10-16,37.06201825574013,-118.21627018073976,1.7839643652561248
2019-10-16,37.06201825574013,-118.2158210230977,2.4600638977635785
2019-10-16,37.06201825574013,-118.21537186545564,3.5020408163265304
2019-10-16,37.06201825574013,-118.2149227078136,3.4774774774774775
2019-10-16,37.06201825574013,-118.21447355017152,3.231527093596059
2019-10-16,37.06201825574013,-118.21402439252948,3.3794392523364487
2019-10-16,37.06201825574013,-118.2135752348874,2.7449392712550607
2019-10-16,37.06201825574013,-118.21312607724536,1.7170542635658914
2019-10-16,37.06201825574013,-118.21267691960328,1.0652866242038217
2019-10-16,37.06201825574013,-118.21222776196124,1.602291325695581
2019-10-16,37.06201825574013,-118.21177860431916,1.6544035674470456
2019-10-16,37.06246741338219,-118.22884659471744,1.551774076755974
2019-10-16,37.06246741338219,-118.22839743707536,1.267497603068073
2019-10-16,37.06246741338219,-118.22794827943332,1.559254327563249
2019-10-16,37.06246741338219,-118.22749912179124,1.6671664167916043
2019-10-16,37.06246741338219,-118.2270499641492,1.6925795053003534
2019-10-16,37.06246741338219,-118.22660080650714,1.6687370600414078
2019-10-16,37.06246741338219,-118.22615164886508,1.7425742574257426
2019-10-16,37.06246741338219,-118.22570249122302,1.2003367003367003
2019-10-16,37.06246741338219,-118.22525333358097,1.151197604790419
2019-10-16,37.06246741338219,-118.2248041759389,0.9799139167862266
2019-10-16,37.06246741338219,-118.22435501829683,1.122238586156112
2019-10-16,37.06246741338219,-118.22390586065478,1.014827018121911
2019-10-16,37.06246741338219,-118.22345670301272,1.0317965023847377
2019-10-16,37.06246741338219,-118.22300754537066,1.0767085076708507
2019-10-16,37.06246741338219,-118.2225583877286,0.9044516829533116
2019-10-16,37.06246741338219,-118.22210923008656,1.0845070422535212
2019-10-16,37.06246741338219,-118.22166007244448,1.3340380549682875
2019-10-16,37.06246741338219,-118.22121091480244,2.4169811320754717
2019-10-16,37.06246741338219,-118.22076175716036,2.0
2019-10-16,37.06246741338219,-118.22031259951832,2.4904761904761905
2019-10-16,37.06246741338219,-118.21986344187624,2.695890410958904
2019-10-16,37.06246741338219,-118.2194142842342,3.2958579881656807
2019-10-16,37.06246741338219,-118.21896512659212,3.962025316455696
2019-10-16,37.06246741338219,-118.21851596895006,3.5943060498220643
2019-10-16,37.06246741338219,-118.218066811308,3.388379204892966
2019-10-16,37.06246741338219,-118.21761765366594,3.9750692520775623
2019-10-16,37.06246741338219,-118.21716849602387,4.010989010989011
2019-10-16,37.06246741338219,-118.21671933838182,2.751231527093596
2019-10-16,37.06246741338219,-118.21627018073976,1.590142671854734
2019-10-16,37.06246741338219,-118.2158210230977,2.3382624768946396
2019-10-16,37.06246741338219,-118.21537186545564,3.1873684210526316
2019-10-16,37.06246741338219,-118.2149227078136,3.5625
2019-10-16,37.06246741338219,-118.21447355017152,3.771604938271605
2019-10-16,37.06246741338219,-118.21402439252948,3.8390243902439023
2019-10-16,37.06246741338219,-118.2135752348874,3.423444976076555
2019-10-16,37.06246741338219,-118.21312607724536,2.0679611650485437
2019-10-16,37.06246741338219,-118.21267691960328,1.1409028727770179
2019-10-16,37.06246741338219,-118.21222776196124,1.2404227212681638
2019-10-16,37.06246741338219,-118.21177860431916,1.8946212952799122
2019-10-16,37.062916571024246,-118.22884659471744,1.5492154065620543
2019-10-16,37.062916571024246,-118.22839743707536,1.2828175026680897
2019-10-16,37.062916571024246,-118.22794827943332,1.2807692307692307
2019-10-16,37.062916571024246,-118.22749912179124,1.3738317757009346
2019-10-16,37.062916571024246,-118.2270499641492,1.831275720164609
2019-10-16,37.062916571024246,-118.22660080650714,1.780045351473923
2019-10-16,37.062916571024246,-118.22615164886508,1.0759075907590758
2019-10-16,37.062916571024246,-118.22570249122302,1.010886469673406
2019-10-16,37.062916571024246,-118.22525333358097,0.9515706806282722
2019-10-16,37.062916571024246,-118.2248041759389,0.9514218009478673
2019-10-16,37.062916571024246,-118.22435501829683,1.0352112676056338
2019-10-16,37.062916571024246,-118.22390586065478,1.408403361344538
2019-10-16,37.062916571024246,-118.22345670301272,1.1642276422764228
2019-10-16,37.062916571024246,-118.22300754537066,1.0641627543035994
2019-10-16,37.062916571024246,-118.2225583877286,1.2043895747599451
2019-10-16,37.062916571024246,-118.22210923008656,1.3101145038167938
2019-10-16,37.062916571024246,-118.22166007244448,1.5246781115879828
2019-10-16,37.062916571024246,-118.22121091480244,2.70625
2019-10-16,37.062916571024246,-118.22076175716036,2.514423076923077
2019-10-16,37.062916571024246,-118.22031259951832,1.9584487534626038
2019-10-16,37.062916571024246,-118.21986344187624,2.8832335329341316
2019-10-16,37.062916571024246,-118.2194142842342,2.8984615384615386
2019-10-16,37.062916571024246,-118.21896512659212,3.1055900621118013
2019-10-16,37.062916571024246,-118.21851596895006,3.4242424242424243
2019-10-16,37.062916571024246,-118.218066811308,3.264797507788162
2019-10-16,37.062916571024246,-118.21761765366594,2.841666666666667
2019-10-16,37.062916571024246,-118.21716849602387,2.5896103896103897
2019-10-16,37.062916571024246,-118.21671933838182,2.6294416243654823
2019-10-16,37.062916571024246,-118.21627018073976,1.4534574468085106
2019-10-16,37.062916571024246,-118.2158210230977,1.7836257309941521
2019-10-16,37.062916571024246,-118.21537186545564,2.766871165644172
2019-10-16,37.062916571024246,-118.2149227078136,3.4671052631578947
2019-10-16,37.062916571024246,-118.21447355017152,3.4064665127020786
2019-10-16,37.062916571024246,-118.21402439252948,2.347639484978541
2019-10-16,37.062916571024246,-118.2135752348874,2.9292237442922375
2019-10-16,37.062916571024246,-118.21312607724536,1.4399293286219081
2019-10-16,37.062916571024246,-118.21267691960328,1.011378002528445
2019-10-16,37.062916571024246,-118.21222776196124,1.250909090909091
2019-10-16,37.062916571024246,-118.21177860431916,1.7159965782720275
2019-10-16,37.06336572866631,-118.2292957523595,1.5787153652392947
2019-10-16,37.06336572866631,-118.22884659471744,1.2514231499051234
2019-10-16,37.06336572866631,-118.22839743707536,1.1617977528089887
2019-10-16,37.06336572866631,-118.22794827943332,1.0549828178694158
2019-10-16,37.06336572866631,-118.22749912179124,1.176954732510288
2019-10-16,37.06336572866631,-118.2270499641492,0.9558998808104887
2019-10-16,37.06336572866631,-118.22660080650714,1.0610795454545454
2019-10-16,37.06336572866631,-118.22615164886508,0.894478527607362
2019-10-16,37.06336572866631,-118.22570249122302,0.801058201058201
2019-10-16,37.06336572866631,-118.22525333358097,0.9542719614921781
2019-10-16,37.06336572866631,-118.2248041759389,1.1877828054298643
2019-10-16,37.06336572866631,-118.22435501829683,1.2553430821147356
2019-10-16,37.06336572866631,-118.22390586065478,1.2645444566410537
2019-10-16,37.06336572866631,-118.22345670301272,1.5902527075812274
2019-10-16,37.06336572866631,-118.22300754537066,1.047008547008547
2019-10-16,37.06336572866631,-118.2225583877286,1.1008902077151335
2019-10-16,37.06336572866631,-118.22210923008656,1.5094549499443826
2019-10-16,37.06336572866631,-118.22166007244448,1.5947136563876652
2019-10-16,37.06336572866631,-118.22121091480244,3.2494117647058824
2019-10-16,37.06336572866631,-118.22076175716036,3.3351351351351353
2019-10-16,37.06336572866631,-118.22031259951832,2.3550295857988166
2019-10-16,37.06336572866631,-118.21986344187624,2.07909604519774
2019-10-16,37.06336572866631,-118.2194142842342,1.3690140845070422
2019-10-16,37.06336572866631,-118.21896512659212,1.3557951482479784
2019-10-16,37.06336572866631,-118.21851596895006,2.7204610951008648
2019-10-16,37.06336572866631,-118.218066811308,2.183139534883721
2019-10-16,37.06336572866631,-118.21761765366594,1.2798982188295165
2019-10-16,37.06336572866631,-118.21716849602387,1.091710758377425
2019-10-16,37.06336572866631,-118.21671933838182,1.8161512027491409
2019-10-16,37.06336572866631,-118.21627018073976,1.819277108433735
2019-10-16,37.06336572866631,-118.2158210230977,1.5093304061470911
2019-10-16,37.06336572866631,-118.21537186545564,2.754601226993865
2019-10-16,37.06336572866631,-118.2149227078136,3.0804123711340208
2019-10-16,37.06336572866631,-118.21447355017152,3.2863070539419086
2019-10-16,37.06336572866631,-118.21402439252948,2.630434782608696
2019-10-16,37.06336572866631,-118.2135752348874,2.3333333333333335
2019-10-16,37.06336572866631,-118.21312607724536,1.1855541718555418
2019-10-16,37.06336572866631,-118.21267691960328,1.1964107676969093
2019-10-16,37.06336572866631,-118.21222776196124,1.3923487544483986
2019-10-16,37.06381488630837,-118.2292957523595,1.246437054631829
2019-10-16,37.06381488630837,-118.22884659471744,0.9045112781954887
2019-10-16,37.06381488630837,-118.22839743707536,0.8707317073170732
2019-10-16,37.06381488630837,-118.22794827943332,0.8228813559322034
2019-10-16,37.06381488630837,-118.22749912179124,1.0023201856148491
2019-10-16,37.06381488630837,-118.2270499641492,1.0258064516129033
2019-10-16,37.06381488630837,-118.22660080650714,1.0037418147801684
2019-10-16,37.06381488630837,-118.22615164886508,0.9151356080489939
2019-10-16,37.06381488630837,-118.22570249122302,0.5492513790386131
2019-10-16,37.06381488630837,-118.22525333358097,0.6801346801346801
2019-10-16,37.06381488630837,-118.2248041759389,1.0337552742616034
2019-10-16,37.06381488630837,-118.22435501829683,1.1948051948051948
2019-10-16,37.06381488630837,-118.22390586065478,1.1682926829268292
2019-10-16,37.06381488630837,-118.22345670301272,1.3219284603421462
2019-10-16,37.06381488630837,-118.22300754537066,1.0462249614791987
2019-10-16,37.06381488630837,-118.2225583877286,1.2771929824561403
2019-10-16,37.06381488630837,-118.22210923008656,1.8527980535279804
2019-10-16,37.06381488630837,-118.22166007244448,1.961839530332681
2019-10-16,37.06381488630837,-118.22121091480244,2.9511568123393315
2019-10-16,37.06381488630837,-118.22076175716036,3.396875
2019-10-16,37.06381488630837,-118.22031259951832,3.2259136212624586
2019-10-16,37.06381488630837,-118.21986344187624,1.9164179104477612
2019-10-16,37.06381488630837,-118.2194142842342,0.9780821917808219
2019-10-16,37.06381488630837,-118.21896512659212,2.2286585365853657
2019-10-16,37.06381488630837,-118.21851596895006,2.369186046511628
2019-10-16,37.06381488630837,-118.218066811308,1.9778393351800554
2019-10-16,37.06381488630837,-118.21761765366594,1.37012987012987
2019-10-16,37.06381488630837,-118.21716849602387,1.1205882352941177
2019-10-16,37.06381488630837,-118.21671933838182,1.3236212278876172
2019-10-16,37.06381488630837,-118.21627018073976,1.919104991394148
2019-10-16,37.06381488630837,-118.2158210230977,1.819838056680162
2019-10-16,37.06381488630837,-118.21537186545564,1.7321083172147003
2019-10-16,37.06381488630837,-118.2149227078136,2.316309719934102
2019-10-16,37.06381488630837,-118.21447355017152,2.761384335154827
2019-10-16,37.06381488630837,-118.21402439252948,1.630695443645084
2019-10-16,37.06381488630837,-118.2135752348874,1.7345767575322812
2019-10-16,37.06381488630837,-118.21312607724536,1.2845744680851063
2019-10-16,37.06381488630837,-118.21267691960328,1.287215411558669
2019-10-16,37.06381488630837,-118.21222776196124,1.3998465080583269
2019-10-16,37.06426404395043,-118.2292957523595,1.0992789794786466
2019-10-16,37.06426404395043,-118.22884659471744,0.9050942079553385
2019-10-16,37.06426404395043,-118.22839743707536,0.8996197718631179
2019-10-16,37.06426404395043,-118.22794827943332,0.8259518259518259
2019-10-16,37.06426404395043,-118.22749912179124,0.9321872015281757
2019-10-16,37.06426404395043,-118.2270499641492,0.9212827988338192
2019-10-16,37.06426404395043,-118.22660080650714,0.9816345270890725
2019-10-16,37.06426404395043,-118.22615164886508,0.7884451996601529
2019-10-16,37.06426404395043,-118.22570249122302,0.8467670504871567
2019-10-16,37.06426404395043,-118.22525333358097,1.2698706099815158
2019-10-16,37.06426404395043,-118.2248041759389,1.2610169491525425
2019-10-16,37.06426404395043,-118.22435501829683,1.2919605077574048
2019-10-16,37.06426404395043,-118.22390586065478,1.360655737704918
2019-10-16,37.06426404395043,-118.22345670301272,1.9610983981693364
2019-10-16,37.06426404395043,-118.22300754537066,1.7746835443037974
2019-10-16,37.06426404395043,-118.2225583877286,1.4200477326968974
2019-10-16,37.06426404395043,-118.22210923008656,2.25
2019-10-16,37.06426404395043,-118.22166007244448,2.6179775280898876
2019-10-16,37.06426404395043,-118.22121091480244,2.1822033898305087
2019-10-16,37.06426404395043,-118.22076175716036,2.790909090909091
2019-10-16,37.06426404395043,-118.22031259951832,2.4966442953020134
2019-10-16,37.06426404395043,-118.21986344187624,1.871473354231975
2019-10-16,37.06426404395043,-118.2194142842342,1.5677233429394812
2019-10-16,37.06426404395043,-118.21896512659212,2.111111111111111
2019-10-16,37.06426404395043,-118.21851596895006,2.415625
2019-10-16,37.06426404395043,-118.218066811308,2.135294117647059
2019-10-16,37.06426404395043,-118.21761765366594,0.8607068607068608
2019-10-16,37.06426404395043,-118.21716849602387,0.926056338028169
2019-10-16,37.06426404395043,-118.21671933838182,1.3997395833333333
2019-10-16,37.06426404395043,-118.21627018073976,2.145348837209302
2019-10-16,37.06426404395043,-118.2158210230977,1.951417004048583
2019-10-16,37.06426404395043,-118.21537186545564,2.234505862646566
2019-10-16,37.06426404395043,-118.2149227078136,1.8755364806866952
2019-10-16,37.06426404395043,-118.21447355017152,2.379615952732644
2019-10-16,37.06426404395043,-118.21402439252948,1.902880658436214
2019-10-16,37.06426404395043,-118.2135752348874,1.9395648670427075
2019-10-16,37.06426404395043,-118.21312607724536,1.702836879432624
2019-10-16,37.06426404395043,-118.21267691960328,1.2485754985754987
2019-10-16,37.06426404395043,-118.21222776196124,1.3937856689917565
2019-10-16,37.06471320159249,-118.22974491000156,1.4631167562286274
2019-10-16,37.06471320159249,-118.2292957523595,1.1472148541114058
2019-10-16,37.06471320159249,-118.22884659471744,1.0870445344129556
2019-10-16,37.06471320159249,-118.22839743707536,1.012893982808023
2019-10-16,37.06471320159249,-118.22794827943332,1.0700152207001523
2019-10-16,37.06471320159249,-118.22749912179124,1.0008237232289952
2019-10-16,37.06471320159249,-118.2270499641492,0.9935483870967742
2019-10-16,37.06471320159249,-118.22660080650714,1.046556741028128
2019-10-16,37.06471320159249,-118.22615164886508,0.8298926507018992
2019-10-16,37.06471320159249,-118.22570249122302,1.2117882117882117
2019-10-16,37.06471320159249,-118.22525333358097,1.6979038224414302
2019-10-16,37.06471320159249,-118.2248041759389,1.6124818577648767
2019-10-16,37.06471320159249,-118.22435501829683,1.6311475409836065
2019-10-16,37.06471320159249,-118.22390586065478,2.100952380952381
2019-10-16,37.06471320159249,-118.22345670301272,2.3171296296296298
2019-10-16,37.06471320159249,-118.22300754537066,2.565359477124183
2019-10-16,37.06471320159249,-118.2225583877286,1.785953177257525
2019-10-16,37.06471320159249,-118.22210923008656,2.0474683544303796
2019-10-16,37.06471320159249,-118.22166007244448,2.1041666666666665
2019-10-16,37.06471320159249,-118.22121091480244,2.0535714285714284
2019-10-16,37.06471320159249,-118.22076175716036,2.244776119402985
2019-10-16,37.06471320159249,-118.22031259951832,1.8023952095808384
2019-10-16,37.06471320159249,-118.21986344187624,1.936231884057971
2019-10-16,37.06471320159249,-118.2194142842342,1.6196808510638299
2019-10-16,37.06471320159249,-118.21896512659212,1.956639566395664
2019-10-16,37.06471320159249,-118.21851596895006,2.1570996978851964
2019-10-16,37.06471320159249,-118.218066811308,2.2266666666666666
2019-10-16,37.06471320159249,-118.21761765366594,0.9583333333333334
2019-10-16,37.06471320159249,-118.21716849602387,1.2725366876310273
2019-10-16,37.06471320159249,-118.21671933838182,1.6686274509803922
2019-10-16,37.06471320159249,-118.21627018073976,1.33596214511041
2019-10-16,37.06471320159249,-118.2149227078136,2.2421676545300593
2019-10-16,37.06471320159249,-118.21447355017152,2.6692913385826773
2019-10-16,37.06471320159249,-118.21402439252948,2.03886925795053
2019-10-16,37.06471320159249,-118.21267691960328,1.4361702127659575
2019-10-16,37.06516235923455,-118.22974491000156,1.8570135746606335
2019-10-16,37.06516235923455,-118.2292957523595,1.8086866597724922
2019-10-16,37.06516235923455,-118.22884659471744,1.9676674364896074
2019-10-16,37.06516235923455,-118.22839743707536,1.739476678043231
2019-10-16,37.06516235923455,-118.22794827943332,1.895
2019-10-16,37.06516235923455,-118.22749912179124,1.6627534685165422
2019-10-16,37.06516235923455,-118.2270499641492,1.4559841740850643
2019-10-16,37.06516235923455,-118.22660080650714,1.2269353128313891
2019-10-16,37.06516235923455,-118.22615164886508,1.2054933875890133
2019-10-16,37.06516235923455,-118.22570249122302,1.837874659400545
2019-10-16,37.06516235923455,-118.22525333358097,1.540962288686606
2019-10-16,37.06516235923455,-118.2248041759389,1.5542691751085385
2019-10-16,37.06516235923455,-118.22435501829683,1.7703862660944205
2019-10-16,37.06516235923455,-118.22390586065478,1.3654188948306596
2019-10-16,37.06516235923455,-118.22345670301272,1.2
2019-10-16,37.06516235923455,-118.22300754537066,1.4386422976501305
2019-10-16,37.06516235923455,-118.2225583877286,2.102189781021898
2019-10-16,37.06516235923455,-118.22210923008656,2.0264026402640263
2019-10-16,37.06516235923455,-118.22166007244448,1.9073482428115016
2019-10-16,37.06516235923455,-118.22121091480244,1.9523809523809523
2019-10-16,37.06516235923455,-118.22076175716036,1.9056603773584906
2019-10-16,37.06516235923455,-118.22031259951832,1.683139534883721
2019-10-16,37.06516235923455,-118.21986344187624,1.8086253369272238
2019-10-16,37.06516235923455,-118.2194142842342,0.946067415730337
2019-10-16,37.06516235923455,-118.21896512659212,1.6834170854271358
2019-10-16,37.06516235923455,-118.21851596895006,2.311926605504587
2019-10-16,37.06516235923455,-118.218066811308,2.251948051948052
2019-10-16,37.06516235923455,-118.21761765366594,1.056420233463035
2019-10-16,37.06516235923455,-118.21716849602387,1.0590277777777777
2019-10-16,37.06516235923455,-118.21671933838182,1.1982905982905983
2019-10-16,37.06516235923455,-118.21627018073976,1.5691489361702127
2019-10-16,37.06516235923455,-118.21447355017152,1.9068522483940042
2019-10-16,37.06516235923455,-118.21402439252948,1.8221757322175731
2019-10-16,37.06516235923455,-118.2135752348874,1.7095115681233932
2019-10-16,37.06561151687661,-118.23064322528568,1.5136948015651202
2019-10-16,37.06561151687661,-118.23019406764362,1.599078341013825
2019-10-16,37.06561151687661,-118.22974491000156,1.3486556808326107
2019-10-16,37.06561151687661,-118.2292957523595,1.5149501661129567
2019-10-16,37.06561151687661,-118.22884659471744,1.4063231850117095
2019-10-16,37.06561151687661,-118.22839743707536,1.7510431154381085
2019-10-16,37.06561151687661,-118.22794827943332,1.6443914081145585
2019-10-16,37.06561151687661,-118.22749912179124,1.2644964394710072
2019-10-16,37.06561151687661,-118.2270499641492,1.3056640625
2019-10-16,37.06561151687661,-118.22660080650714,0.978743961352657
2019-10-16,37.06561151687661,-118.22615164886508,0.8972533062054934
2019-10-16,37.06561151687661,-118.22570249122302,1.504895104895105
2019-10-16,37.06561151687661,-118.22525333358097,1.3849206349206349
2019-10-16,37.06561151687661,-118.2248041759389,1.9284116331096197
2019-10-16,37.06561151687661,-118.22435501829683,1.4080717488789238
2019-10-16,37.06561151687661,-118.22390586065478,1.364
2019-10-16,37.06561151687661,-118.22345670301272,1.390557939914163
2019-10-16,37.06561151687661,-118.22300754537066,1.851063829787234
2019-10-16,37.06561151687661,-118.2225583877286,1.9470198675496688
2019-10-16,37.06561151687661,-118.22210923008656,1.9381443298969072
2019-10-16,37.06561151687661,-118.22166007244448,1.7571884984025559
2019-10-16,37.06561151687661,-118.22121091480244,1.3910614525139664
2019-10-16,37.06561151687661,-118.22076175716036,1.3178082191780822
2019-10-16,37.06561151687661,-118.22031259951832,1.559556786703601
2019-10-16,37.06561151687661,-118.21986344187624,1.7414634146341463
2019-10-16,37.06561151687661,-118.2194142842342,1.1872586872586872
2019-10-16,37.06561151687661,-118.21896512659212,1.4171656686626746
2019-10-16,37.06561151687661,-118.21851596895006,2.3931203931203933
2019-10-16,37.06561151687661,-118.218066811308,1.3440860215053763
2019-10-16,37.06561151687661,-118.21761765366594,1.353658536585366
2019-10-16,37.06561151687661,-118.21716849602387,1.3491879350348028
2019-10-16,37.06561151687661,-118.21671933838182,1.3576965669988925
2019-10-16,37.06561151687661,-118.21627018073976,1.428066037735849
2019-10-16,37.06561151687661,-118.2158210230977,1.643765903307888
2019-10-16,37.06561151687661,-118.21447355017152,1.8382492863939106
2019-10-16,37.06561151687661,-118.21402439252948,1.6429177268871926
2019-10-16,37.06561151687661,-118.2135752348874,1.5390505359877489
2019-10-16,37.06606067451867,-118.23064322528568,1.2607223476297968
2019-10-16,37.06606067451867,-118.23019406764362,1.1013615733736764
2019-10-16,37.06606067451867,-118.22974491000156,1.1012244897959185
2019-10-16,37.06606067451867,-118.2292957523595,1.0244755244755244
2019-10-16,37.06606067451867,-118.22884659471744,1.0462753950338601
2019-10-16,37.06606067451867,-118.22839743707536,1.2402826855123674
2019-10-16,37.06606067451867,-118.22794827943332,1.071764705882353
2019-10-16,37.06606067451867,-118.22749912179124,0.9057971014492754
2019-10-16,37.06606067451867,-118.2270499641492,0.9903660886319846
2019-10-16,37.06606067451867,-118.22660080650714,1.0345572354211663
2019-10-16,37.06606067451867,-118.22615164886508,0.9710144927536232
2019-10-16,37.06606067451867,-118.22570249122302,1.220162224797219
2019-10-16,37.06606067451867,-118.22525333358097,1.097254004576659
2019-10-16,37.06606067451867,-118.2248041759389,1.1941272430668841
2019-10-16,37.06606067451867,-118.22435501829683,1.2132196162046909
2019-10-16,37.06606067451867,-118.22390586065478,1.9053254437869822
2019-10-16,37.06606067451867,-118.22345670301272,2.103125
2019-10-16,37.06606067451867,-118.22300754537066,1.965625
2019-10-16,37.06606067451867,-118.2225583877286,1.6309148264984228
2019-10-16,37.06606067451867,-118.22210923008656,1.2633228840125392
2019-10-16,37.06606067451867,-118.22166007244448,1.0719602977667493
2019-10-16,37.06606067451867,-118.22121091480244,1.2753036437246963
2019-10-16,37.06606067451867,-118.22076175716036,1.4265010351966874
2019-10-16,37.06606067451867,-118.22031259951832,1.8535353535353536
2019-10-16,37.06606067451867,-118.21986344187624,2.0349127182044886
2019-10-16,37.06606067451867,-118.2194142842342,1.3363499245852186
2019-10-16,37.06606067451867,-118.21896512659212,1.6297520661157026
2019-10-16,37.06606067451867,-118.21851596895006,2.4250559284116333
2019-10-16,37.06606067451867,-118.218066811308,1.9287257019438444
2019-10-16,37.06606067451867,-118.21761765366594,1.2259887005649717
2019-10-16,37.06606067451867,-118.21716849602387,1.3614190687361418
2019-10-16,37.06606067451867,-118.21671933838182,1.4528710725893825
2019-10-16,37.06606067451867,-118.21627018073976,1.414985590778098
2019-10-16,37.06606067451867,-118.2158210230977,1.7315270935960592
2019-10-16,37.06606067451867,-118.2149227078136,1.6940085592011411
2019-10-16,37.06606067451867,-118.21447355017152,1.7952249770431588
2019-10-16,37.06606067451867,-118.21402439252948,1.5370650529500756
2019-10-16,37.06606067451867,-118.2135752348874,1.5172634271099745
2019-10-16,37.066509832160726,-118.23064322528568,1.1233480176211454
2019-10-16,37.066509832160726,-118.23019406764362,0.9265003371544167
2019-10-16,37.066509832160726,-118.22974491000156,0.9743055555555555
2019-10-16,37.066509832160726,-118.2292957523595,0.9556868537666174
2019-10-16,37.066509832160726,-118.22884659471744,0.6770087509944311
2019-10-16,37.066509832160726,-118.22839743707536,0.7274569402228976
2019-10-16,37.066509832160726,-118.22794827943332,1.0252583237657864
2019-10-16,37.066509832160726,-118.22749912179124,0.8804469273743016
2019-10-16,37.066509832160726,-118.2270499641492,1.0611169652265542
2019-10-16,37.066509832160726,-118.22660080650714,1.1185185185185185
2019-10-16,37.066509832160726,-118.22615164886508,0.92806484295846
2019-10-16,37.066509832160726,-118.22570249122302,1.1268571428571428
2019-10-16,37.066509832160726,-118.22525333358097,1.2665745856353592
2019-10-16,37.066509832160726,-118.2248041759389,1.202211690363349
2019-10-16,37.066509832160726,-118.22435501829683,1.2109777015437393
2019-10-16,37.066509832160726,-118.22390586065478,1.2320328542094456
2019-10-16,37.066509832160726,-118.22345670301272,1.324742268041237
2019-10-16,37.066509832160726,-118.22300754537066,1.4352617079889807
2019-10-16,37.066509832160726,-118.2225583877286,1.180327868852459
2019-10-16,37.066509832160726,-118.22210923008656,0.9207459207459208
2019-10-16,37.066509832160726,-118.22166007244448,1.2118226600985222
2019-10-16,37.066509832160726,-118.22121091480244,1.356718192627824
2019-10-16,37.066509832160726,-118.22076175716036,1.4351415094339623
2019-10-16,37.066509832160726,-118.22031259951832,1.9327586206896552
2019-10-16,37.066509832160726,-118.21986344187624,2.0724946695095947
2019-10-16,37.066509832160726,-118.2194142842342,1.5858895705521472
2019-10-16,37.066509832160726,-118.21896512659212,1.620253164556962
2019-10-16,37.066509832160726,-118.21851596895006,1.7553816046966733
2019-10-16,37.066509832160726,-118.218066811308,1.6810344827586208
2019-10-16,37.066509832160726,-118.21761765366594,1.543119266055046
2019-10-16,37.066509832160726,-118.21716849602387,1.436950146627566
2019-10-16,37.066509832160726,-118.21671933838182,1.4264550264550264
2019-10-16,37.066509832160726,-118.21627018073976,1.431316042267051
2019-10-16,37.066509832160726,-118.2149227078136,1.7403024326101248
2019-10-16,37.066509832160726,-118.21447355017152,1.6065182829888711
2019-10-16,37.066509832160726,-118.21402439252948,1.547766323024055
2019-10-16,37.06695898980279,-118.23064322528568,1.582080577269994
2019-10-16,37.06695898980279,-118.23019406764362,1.8030592734225621
2019-10-16,37.06695898980279,-118.22974491000156,1.4559068219633944
2019-10-16,37.06695898980279,-118.2292957523595,1.38752052545156
2019-10-16,37.06695898980279,-118.22884659471744,1.2821576763485478
2019-10-16,37.06695898980279,-118.22839743707536,1.2686025408348458
2019-10-16,37.06695898980279,-118.22794827943332,0.8875
2019-10-16,37.06695898980279,-118.22749912179124,0.6292585170340681
2019-10-16,37.06695898980279,-118.2270499641492,0.7374476987447699
2019-10-16,37.06695898980279,-118.22660080650714,1.1529271206690561
2019-10-16,37.06695898980279,-118.22615164886508,1.3935406698564594
2019-10-16,37.06695898980279,-118.22570249122302,1.236874236874237
2019-10-16,37.06695898980279,-118.22525333358097,1.2193732193732194
2019-10-16,37.06695898980279,-118.2248041759389,1.0724852071005917
2019-10-16,37.06695898980279,-118.22435501829683,0.9675425038639877
2019-10-16,37.06695898980279,-118.22390586065478,1.0935251798561152
2019-10-16,37.06695898980279,-118.22345670301272,1.1681260945709282
2019-10-16,37.06695898980279,-118.22300754537066,1.2984822934232716
2019-10-16,37.06695898980279,-118.2225583877286,1.104368932038835
2019-10-16,37.06695898980279,-118.22210923008656,1.1870967741935483
2019-10-16,37.06695898980279,-118.22166007244448,1.3014888337468982
2019-10-16,37.06695898980279,-118.22121091480244,1.3733602421796165
2019-10-16,37.06695898980279,-118.22076175716036,1.3880597014925373
2019-10-16,37.06695898980279,-118.22031259951832,1.8584656084656084
2019-10-16,37.06695898980279,-118.21986344187624,1.9104046242774566
2019-10-16,37.06695898980279,-118.2194142842342,1.53743961352657
2019-10-16,37.06695898980279,-118.21896512659212,1.5758620689655172
2019-10-16,37.06695898980279,-118.21851596895006,1.916158536585366
2019-10-16,37.06695898980279,-118.218066811308,1.4793028322440087
2019-10-16,37.06695898980279,-118.21761765366594,1.751453488372093
2019-10-16,37.06695898980279,-118.21716849602387,1.6332899869960988
2019-10-16,37.06695898980279,-118.21671933838182,1.3801115241635689
2019-10-16,37.06695898980279,-118.21627018073976,1.4457627118644067
2019-10-16,37.06695898980279,-118.2149227078136,1.7475660639777468
2019-10-16,37.06695898980279,-118.21447355017152,1.5895295902883155
2019-10-16,37.06740814744485,-118.23064322528568,1.6768867924528301
2019-10-16,37.06740814744485,-118.23019406764362,1.93488824101069
2019-10-16,37.06740814744485,-118.22974491000156,1.5
2019-10-16,37.06740814744485,-118.2292957523595,1.3664546899841017
2019-10-16,37.06740814744485,-118.22884659471744,1.1664212076583211
2019-10-16,37.06740814744485,-118.22839743707536,1.3103721298495645
2019-10-16,37.06740814744485,-118.22794827943332,1.2490087232355274
2019-10-16,37.06740814744485,-118.22749912179124,0.6634408602150538
2019-10-16,37.06740814744485,-118.2270499641492,0.9788135593220338
2019-10-16,37.06740814744485,-118.22660080650714,1.2829028290282902
2019-10-16,37.06740814744485,-118.22615164886508,1.0852713178294573
2019-10-16,37.06740814744485,-118.22570249122302,1.2450248756218905
2019-10-16,37.06740814744485,-118.22525333358097,1.2490013315579227
2019-10-16,37.06740814744485,-118.2248041759389,1.2871720116618075
2019-10-16,37.06740814744485,-118.22435501829683,1.0725126475548061
2019-10-16,37.06740814744485,-118.22390586065478,1.0984615384615384
2019-10-16,37.06740814744485,-118.22345670301272,1.1457085828343314
2019-10-16,37.06740814744485,-118.22300754537066,1.29182156133829
2019-10-16,37.06740814744485,-118.2225583877286,1.4989339019189765
2019-10-16,37.06740814744485,-118.22210923008656,1.4828178694158076
2019-10-16,37.06740814744485,-118.22166007244448,1.8110383536014967
2019-10-16,37.06740814744485,-118.22121091480244,1.653579676674365
2019-10-16,37.06740814744485,-118.22076175716036,1.8023088023088023
2019-10-16,37.06740814744485,-118.22031259951832,2.068548387096774
2019-10-16,37.06740814744485,-118.21986344187624,1.9262672811059909
2019-10-16,37.06740814744485,-118.2194142842342,1.4029126213592233
2019-10-16,37.06740814744485,-118.21896512659212,1.383586083853702
2019-10-16,37.06740814744485,-118.21851596895006,1.3613518197573657
2019-10-16,37.06740814744485,-118.218066811308,1.4272533711852378
2019-10-16,37.06740814744485,-118.21761765366594,1.6444270015698588
2019-10-16,37.06740814744485,-118.21716849602387,1.4199288256227758
2019-10-16,37.06740814744485,-118.21671933838182,1.6446735395189003
2019-10-16,37.06740814744485,-118.2149227078136,1.8021902806297057
2019-10-16,37.0678573050869,-118.23064322528568,1.625335480407944
2019-10-16,37.0678573050869,-118.23019406764362,1.9777347531461762
2019-10-16,37.0678573050869,-118.22974491000156,1.8329439252336448
2019-10-16,37.0678573050869,-118.2292957523595,1.522748375116063
2019-10-16,37.0678573050869,-118.22884659471744,1.2705035971223022
2019-10-16,37.0678573050869,-118.22839743707536,1.3216833095577747
2019-10-16,37.0678573050869,-118.22794827943332,1.689430894308943
2019-10-16,37.0678573050869,-118.22749912179124,1.2328042328042328
2019-10-16,37.0678573050869,-118.2270499641492,2.1677489177489178
2019-10-16,37.0678573050869,-118.22660080650714,2.1800904977375564
2019-10-16,37.0678573050869,-118.22615164886508,1.6451612903225807
2019-10-16,37.0678573050869,-118.22570249122302,1.57997557997558
2019-10-16,37.0678573050869,-118.22525333358097,1.641717791411043
2019-10-16,37.0678573050869,-118.2248041759389,1.6390605686032138
2019-10-16,37.0678573050869,-118.22435501829683,1.406015037593985
2019-10-16,37.0678573050869,-118.22390586065478,1.295
2019-10-16,37.0678573050869,-118.22345670301272,1.2475386779184248
2019-10-16,37.0678573050869,-118.22300754537066,1.4307004470938898
2019-10-16,37.0678573050869,-118.2225583877286,1.5678391959798994
2019-10-16,37.0678573050869,-118.22210923008656,1.5954802259887007
2019-10-16,37.0678573050869,-118.22121091480244,1.7355371900826446
2019-10-16,37.0678573050869,-118.22076175716036,1.696524064171123
2019-10-16,37.0678573050869,-118.22031259951832,1.6753424657534246
2019-10-16,37.0678573050869,-118.21986344187624,1.6942724458204335
2019-10-16,37.0678573050869,-118.2194142842342,1.54
2019-10-16,37.0678573050869,-118.21896512659212,1.3775862068965516
2019-10-16,37.0678573050869,-118.21851596895006,1.332794830371567
2019-10-16,37.0678573050869,-118.218066811308,1.6446392447741065
2019-10-16,37.0678573050869,-118.21761765366594,1.7233898305084745
2019-10-16,37.06830646272897,-118.23064322528568,1.47702834799609
2019-10-16,37.06830646272897,-118.23019406764362,1.6988176726820161
2019-10-16,37.06830646272897,-118.22974491000156,1.9153754469606674
2019-10-16,37.06830646272897,-118.22884659471744,1.8121657754010696
2019-10-16,37.06830646272897,-118.22839743707536,1.7357784431137724
2019-10-16,37.06830646272897,-118.22794827943332,1.8306159420289856
2019-10-16,37.06830646272897,-118.22749912179124,1.5698924731182795
2019-10-16,37.06830646272897,-118.22660080650714,2.044740973312402
2019-10-16,37.06830646272897,-118.22615164886508,1.7267188859878155
2019-10-16,37.06830646272897,-118.22570249122302,1.8593481989708405
2019-10-16,37.06830646272897,-118.2248041759389,1.8015488867376572
2019-10-16,37.06830646272897,-118.22435501829683,1.1928864569083448
2019-10-16,37.06830646272897,-118.22390586065478,1.0764617691154423
2019-10-16,37.06830646272897,-118.22345670301272,1.257471264367816
2019-10-16,37.06830646272897,-118.22300754537066,1.3763157894736842
2019-10-16,37.06830646272897,-118.2225583877286,1.707267144319345
2019-10-16,37.06830646272897,-118.22166007244448,1.7571929824561403
2019-10-16,37.06830646272897,-118.22121091480244,1.6818469323213157
2019-10-16,37.06830646272897,-118.22076175716036,1.6826498422712934
2019-10-16,37.06830646272897,-118.22031259951832,1.601197604790419
2019-10-16,37.06830646272897,-118.21986344187624,1.6085319949811794
2019-10-16,37.06830646272897,-118.2194142842342,1.7080701754385965
2019-10-16,37.06830646272897,-118.21896512659212,1.3826157595450852
2019-10-16,37.06830646272897,-118.21851596895006,1.5383469843633657
2019-10-16,37.06875562037103,-118.2248041759389,2.0330417881438287
2019-10-16,37.06875562037103,-118.22435501829683,2.061036789297659
2019-10-16,37.06875562037103,-118.22166007244448,1.376283367556468
2019-10-16,37.06875562037103,-118.22121091480244,1.2223623371164354
2019-10-16,37.06875562037103,-118.22076175716036,1.3261083743842363
2019-10-16,37.06875562037103,-118.22031259951832,1.4263157894736842
2019-10-16,37.06875562037103,-118.21986344187624,1.5622222222222222
2019-10-16,37.06875562037103,-118.2194142842342,1.5359007832898173
2019-10-16,37.06875562037103,-118.21896512659212,1.3061497326203209
2019-10-16,37.06920477801309,-118.22166007244448,1.8553162853297442
2019-10-16,37.06920477801309,-118.22121091480244,1.606600314300681
2019-10-16,37.06920477801309,-118.22076175716036,1.2086839447997306
2019-10-16,37.06920477801309,-118.22031259951832,1.2768532526475038
2019-10-16,37.06920477801309,-118.21986344187624,1.338379705400982
2019-10-16,37.06920477801309,-118.2194142842342,1.3185483870967742
2019-10-16,37.06920477801309,-118.21896512659212,1.4382022471910112
2019-10-16,37.06920477801309,-118.21851596895006,1.5250245338567223
2019-10-16,37.06920477801309,-118.218066811308,1.7299311926605505
